FANN_FLO_2.1
num_layers=3
learning_rate=0.700000
connection_rate=1.000000
network_type=0
learning_momentum=0.000000
training_algorithm=2
train_error_function=1
train_stop_function=0
cascade_output_change_fraction=0.010000
quickprop_decay=-0.000100
quickprop_mu=1.750000
rprop_increase_factor=1.200000
rprop_decrease_factor=0.500000
rprop_delta_min=0.000000
rprop_delta_max=50.000000
rprop_delta_zero=0.100000
cascade_output_stagnation_epochs=12
cascade_candidate_change_fraction=0.010000
cascade_candidate_stagnation_epochs=12
cascade_max_out_epochs=150
cascade_max_cand_epochs=150
cascade_num_candidate_groups=2
bit_fail_limit=3.49999999999999977796e-01
cascade_candidate_limit=1.00000000000000000000e+03
cascade_weight_multiplier=4.00000000000000022204e-01
cascade_activation_functions_count=10
cascade_activation_functions=3 5 7 8 10 11 14 15 16 17 
cascade_activation_steepnesses_count=4
cascade_activation_steepnesses=2.50000000000000000000e-01 5.00000000000000000000e-01 7.50000000000000000000e-01 1.00000000000000000000e+00 
layer_sizes=3 11 2 
scale_included=0
neurons (num_inputs, activation_function, activation_steepness)=(0, 0, 0.00000000000000000000e+00) (0, 0, 0.00000000000000000000e+00) (0, 0, 0.00000000000000000000e+00) (3, 6, 5.00000000000000000000e-01) (3, 6, 5.00000000000000000000e-01) (3, 6, 5.00000000000000000000e-01) (3, 6, 5.00000000000000000000e-01) (3, 6, 5.00000000000000000000e-01) (3, 6, 5.00000000000000000000e-01) (3, 6, 5.00000000000000000000e-01) (3, 6, 5.00000000000000000000e-01) (3, 6, 5.00000000000000000000e-01) (3, 6, 5.00000000000000000000e-01) (0, 6, 0.00000000000000000000e+00) (11, 0, 5.00000000000000000000e-01) (0, 0, 0.00000000000000000000e+00) 
connections (connected_to_neuron, weight)=(0, -2.11624044573945058190e+00) (1, -2.00540946072978032433e+00) (2, -2.11317250719252403002e+00) (0, 1.56088444128664471933e+00) (1, 1.63870837077530362436e+00) (2, 1.66286938943633999521e+00) (0, 1.39106976911457502766e+00) (1, 1.34244947060974562092e+00) (2, 1.37180148013601255208e+00) (0, 1.39470200166138136311e+00) (1, 1.35593027547033750935e+00) (2, 1.34051810898551893025e+00) (0, 1.43444332405956709309e+00) (1, 1.46207013651760542317e+00) (2, 1.28116229870090436727e+00) (0, 1.43609595224293196125e+00) (1, 1.40768915340336286945e+00) (2, 1.41040561296710920125e+00) (0, -2.10320577419442189537e+00) (1, -2.13130891717118275963e+00) (2, -2.09627354731741721849e+00) (0, 1.63184711620243527719e+00) (1, 1.53803263142736890146e+00) (2, 1.53014706381330456431e+00) (0, -2.12687929368657124840e+00) (1, -2.06042014456433308922e+00) (2, -2.07277899822178657274e+00) (0, 3.66510518282517017141e+00) (1, 3.73736257493361057058e+00) (2, 3.70545785539350180926e+00) (3, -2.10848227729979331713e+00) (4, 1.46114828386077832967e+00) (5, 6.51206937095377469404e-01) (6, 6.43702410569641614302e-01) (7, 1.55662091382513012583e+00) (8, 5.84503490885946774824e-01) (9, -2.12510373284998710375e+00) (10, 1.44227885403404187947e+00) (11, -2.06206605425062949877e+00) (12, 3.69074640833339362445e+00) (13, 3.67386771403751044573e+00) 
