FANN_FLO_2.1
num_layers=3
learning_rate=0.700000
connection_rate=1.000000
network_type=0
learning_momentum=0.000000
training_algorithm=2
train_error_function=1
train_stop_function=0
cascade_output_change_fraction=0.010000
quickprop_decay=-0.000100
quickprop_mu=1.750000
rprop_increase_factor=1.200000
rprop_decrease_factor=0.500000
rprop_delta_min=0.000000
rprop_delta_max=50.000000
rprop_delta_zero=0.100000
cascade_output_stagnation_epochs=12
cascade_candidate_change_fraction=0.010000
cascade_candidate_stagnation_epochs=12
cascade_max_out_epochs=150
cascade_max_cand_epochs=150
cascade_num_candidate_groups=2
bit_fail_limit=3.49999999999999977796e-01
cascade_candidate_limit=1.00000000000000000000e+03
cascade_weight_multiplier=4.00000000000000022204e-01
cascade_activation_functions_count=10
cascade_activation_functions=3 5 7 8 10 11 14 15 16 17 
cascade_activation_steepnesses_count=4
cascade_activation_steepnesses=2.50000000000000000000e-01 5.00000000000000000000e-01 7.50000000000000000000e-01 1.00000000000000000000e+00 
layer_sizes=9 4 2 
scale_included=0
neurons (num_inputs, activation_function, activation_steepness)=(0, 0, 0.00000000000000000000e+00) (0, 0, 0.00000000000000000000e+00) (0, 0, 0.00000000000000000000e+00) (0, 0, 0.00000000000000000000e+00) (0, 0, 0.00000000000000000000e+00) (0, 0, 0.00000000000000000000e+00) (0, 0, 0.00000000000000000000e+00) (0, 0, 0.00000000000000000000e+00) (0, 0, 0.00000000000000000000e+00) (9, 6, 5.00000000000000000000e-01) (9, 6, 5.00000000000000000000e-01) (9, 6, 5.00000000000000000000e-01) (0, 6, 0.00000000000000000000e+00) (4, 0, 5.00000000000000000000e-01) (0, 0, 0.00000000000000000000e+00) 
connections (connected_to_neuron, weight)=(0, -1.50000000000000000000e+03) (1, 4.17553025938728605837e+00) (2, 3.92945778315128935176e+00) (3, -1.89985760174489692886e+00) (4, 3.52261988073697240864e+00) (5, 4.24820367328982939625e+00) (6, 4.17995812745508654729e+00) (7, 4.20158704371867486316e+00) (8, 7.89416371734595667675e+00) (0, -1.50000000000000000000e+03) (1, 4.61613244265565914048e+00) (2, 3.80088664822221566908e+00) (3, -2.46779178041654700948e+00) (4, 2.77387476626764639676e+00) (5, 4.67457755357280113628e+00) (6, 4.61846985370168994223e+00) (7, 4.71037006825464654725e+00) (8, 1.31709181451166994492e+01) (0, -1.50000000000000000000e+03) (1, 4.59088427848514957219e+00) (2, 3.83779517792108704199e+00) (3, -2.60819409610704910918e+00) (4, 2.73008702609668807426e+00) (5, 4.61645963117728364011e+00) (6, 4.59234969765193667968e+00) (7, 4.69424462765709726852e+00) (8, 1.92879858148800629181e+01) (9, 1.59907990966314894621e+00) (10, 1.73462294392304983148e+00) (11, 1.90737398358150955779e+00) (12, 2.52410188678638860438e+01) 
