FANN_FLO_2.1
num_layers=3
learning_rate=0.700000
connection_rate=1.000000
network_type=0
learning_momentum=0.000000
training_algorithm=2
train_error_function=1
train_stop_function=0
cascade_output_change_fraction=0.010000
quickprop_decay=-0.000100
quickprop_mu=1.750000
rprop_increase_factor=1.200000
rprop_decrease_factor=0.500000
rprop_delta_min=0.000000
rprop_delta_max=50.000000
rprop_delta_zero=0.100000
cascade_output_stagnation_epochs=12
cascade_candidate_change_fraction=0.010000
cascade_candidate_stagnation_epochs=12
cascade_max_out_epochs=150
cascade_max_cand_epochs=150
cascade_num_candidate_groups=2
bit_fail_limit=3.49999999999999980000e-001
cascade_candidate_limit=1.00000000000000000000e+003
cascade_weight_multiplier=4.00000000000000020000e-001
cascade_activation_functions_count=10
cascade_activation_functions=3 5 7 8 10 11 14 15 16 17 
cascade_activation_steepnesses_count=4
cascade_activation_steepnesses=2.50000000000000000000e-001 5.00000000000000000000e-001 7.50000000000000000000e-001 1.00000000000000000000e+000 
layer_sizes=9 4 6 
scale_included=0
neurons (num_inputs, activation_function, activation_steepness)=(0, 0, 0.00000000000000000000e+000) (0, 0, 0.00000000000000000000e+000) (0, 0, 0.00000000000000000000e+000) (0, 0, 0.00000000000000000000e+000) (0, 0, 0.00000000000000000000e+000) (0, 0, 0.00000000000000000000e+000) (0, 0, 0.00000000000000000000e+000) (0, 0, 0.00000000000000000000e+000) (0, 0, 0.00000000000000000000e+000) (9, 6, 5.00000000000000000000e-001) (9, 6, 5.00000000000000000000e-001) (9, 6, 5.00000000000000000000e-001) (0, 6, 0.00000000000000000000e+000) (4, 6, 5.00000000000000000000e-001) (4, 6, 5.00000000000000000000e-001) (4, 6, 5.00000000000000000000e-001) (4, 6, 5.00000000000000000000e-001) (4, 6, 5.00000000000000000000e-001) (0, 6, 0.00000000000000000000e+000) 
connections (connected_to_neuron, weight)=(0, -4.72456928849921010000e+000) (1, 2.10655949830294410000e+000) (2, -3.02862709740216070000e+000) (3, 9.44009475472244010000e-001) (4, -1.29100424169951340000e+001) (5, 2.14834403896943800000e+001) (6, -4.49244821374939020000e+000) (7, 2.90043631434130680000e+000) (8, 1.24816652390080600000e+000) (0, 3.79968646818137710000e+000) (1, -1.98942183924701530000e+000) (2, 1.67667346450819040000e+000) (3, -8.25842118424674030000e-001) (4, 9.34813007589337450000e+000) (5, -1.30074476384245990000e+001) (6, 1.40762478898478460000e+000) (7, -1.25051405029763730000e+000) (8, -7.31342892397555900000e-001) (0, -1.98532552823073340000e+000) (1, 8.34304770111979450000e-001) (2, -9.23841593139868360000e-001) (3, 7.95917036945296360000e-001) (4, -4.41885454751530030000e+000) (5, 5.56633784902360060000e+000) (6, -6.63646657938335880000e-001) (7, 1.32459006565908140000e+000) (8, 5.04902399341819240000e-001) (9, -1.22461413672312780000e+000) (10, -8.13562224476818590000e-001) (11, 1.28079722349934990000e+000) (12, 6.68202456404525580000e-001) (9, 2.77401073560865130000e-001) (10, -1.54204402221225890000e+000) (11, -3.02654663685345420000e+000) (12, 8.77904708261345480000e-001) (9, -4.86574052984324180000e-002) (10, -5.46654717532732980000e-002) (11, 4.30693389108299130000e-001) (12, 9.03911744882462840000e-001) (9, 1.15147779671959790000e+000) (10, -2.83046673871343410000e-001) (11, -3.27163767617936020000e+000) (12, 1.06111682883606240000e+000) (9, 1.62932148257582150000e+000) (10, 3.20561642102908320000e+000) (11, 2.17926775697774920000e+000) (12, 7.67050355896309880000e-001) 
