FANN_FLO_2.1
num_layers=3
learning_rate=0.700000
connection_rate=1.000000
network_type=0
learning_momentum=0.000000
training_algorithm=2
train_error_function=1
train_stop_function=0
cascade_output_change_fraction=0.010000
quickprop_decay=-0.000100
quickprop_mu=1.750000
rprop_increase_factor=1.200000
rprop_decrease_factor=0.500000
rprop_delta_min=0.000000
rprop_delta_max=50.000000
rprop_delta_zero=0.100000
cascade_output_stagnation_epochs=12
cascade_candidate_change_fraction=0.010000
cascade_candidate_stagnation_epochs=12
cascade_max_out_epochs=150
cascade_max_cand_epochs=150
cascade_num_candidate_groups=2
bit_fail_limit=3.49999999999999980000e-001
cascade_candidate_limit=1.00000000000000000000e+003
cascade_weight_multiplier=4.00000000000000020000e-001
cascade_activation_functions_count=10
cascade_activation_functions=3 5 7 8 10 11 14 15 16 17 
cascade_activation_steepnesses_count=4
cascade_activation_steepnesses=2.50000000000000000000e-001 5.00000000000000000000e-001 7.50000000000000000000e-001 1.00000000000000000000e+000 
layer_sizes=9 4 6 
scale_included=0
neurons (num_inputs, activation_function, activation_steepness)=(0, 0, 0.00000000000000000000e+000) (0, 0, 0.00000000000000000000e+000) (0, 0, 0.00000000000000000000e+000) (0, 0, 0.00000000000000000000e+000) (0, 0, 0.00000000000000000000e+000) (0, 0, 0.00000000000000000000e+000) (0, 0, 0.00000000000000000000e+000) (0, 0, 0.00000000000000000000e+000) (0, 0, 0.00000000000000000000e+000) (9, 6, 5.00000000000000000000e-001) (9, 6, 5.00000000000000000000e-001) (9, 6, 5.00000000000000000000e-001) (0, 6, 0.00000000000000000000e+000) (4, 6, 5.00000000000000000000e-001) (4, 6, 5.00000000000000000000e-001) (4, 6, 5.00000000000000000000e-001) (4, 6, 5.00000000000000000000e-001) (4, 6, 5.00000000000000000000e-001) (0, 6, 0.00000000000000000000e+000) 
connections (connected_to_neuron, weight)=(0, -4.82776923205802950000e-001) (1, 1.68367063289377720000e+000) (2, -8.66617084740569530000e-001) (3, -1.19236022504627930000e+000) (4, -1.23576109144635370000e+000) (5, 3.66844627588466610000e+000) (6, -3.12932513826483310000e+000) (7, 1.39649801014079380000e+000) (8, 9.25434997832465520000e-001) (0, -1.86268542699239540000e-001) (1, 2.36300839152605160000e-001) (2, -6.29098492523192390000e-002) (3, 6.40131042630232240000e-001) (4, -4.91895503251531200000e-001) (5, -2.34311591443206180000e-001) (6, 3.22799075474877680000e-001) (7, 2.09083267004999960000e-001) (8, -2.26985322978297270000e-003) (0, 1.36362970085321460000e+001) (1, -2.57023634905505250000e+001) (2, 1.85699086788411850000e+000) (3, -9.40938590545017740000e+000) (4, 3.72061823052050970000e+001) (5, -2.70129523258956650000e+001) (6, -8.74275413085509360000e+000) (7, 3.15348348296554610000e-001) (8, 1.03698888112260550000e-001) (9, -5.78765896870442330000e-001) (10, 1.11631322981771010000e+000) (11, -6.47517966923990410000e-002) (12, 8.16456610594607610000e-001) (9, 8.36763933100563300000e-001) (10, -3.64130754150305740000e+000) (11, -1.25082093844732480000e-001) (12, 4.92921511231190160000e-001) (9, 6.27088396477412440000e-001) (10, 3.90213471690352390000e+000) (11, 2.14405173505159420000e-002) (12, 7.27323973726198840000e-001) (9, -3.29005287419547270000e-001) (10, -2.93759723625263370000e+000) (11, -5.15190546369929340000e-003) (12, 1.15766949450445660000e+000) (9, 9.71999303336640530000e-001) (10, 4.62438498462197240000e+000) (11, 2.87249468546729670000e-001) (12, 6.65344718433520050000e-001) 
