FANN_FLO_2.1
num_layers=3
learning_rate=0.700000
connection_rate=1.000000
network_type=0
learning_momentum=0.000000
training_algorithm=2
train_error_function=1
train_stop_function=0
cascade_output_change_fraction=0.010000
quickprop_decay=-0.000100
quickprop_mu=1.750000
rprop_increase_factor=1.200000
rprop_decrease_factor=0.500000
rprop_delta_min=0.000000
rprop_delta_max=50.000000
rprop_delta_zero=0.100000
cascade_output_stagnation_epochs=12
cascade_candidate_change_fraction=0.010000
cascade_candidate_stagnation_epochs=12
cascade_max_out_epochs=150
cascade_max_cand_epochs=150
cascade_num_candidate_groups=2
bit_fail_limit=3.49999999999999980000e-001
cascade_candidate_limit=1.00000000000000000000e+003
cascade_weight_multiplier=4.00000000000000020000e-001
cascade_activation_functions_count=10
cascade_activation_functions=3 5 7 8 10 11 14 15 16 17 
cascade_activation_steepnesses_count=4
cascade_activation_steepnesses=2.50000000000000000000e-001 5.00000000000000000000e-001 7.50000000000000000000e-001 1.00000000000000000000e+000 
layer_sizes=9 4 6 
scale_included=0
neurons (num_inputs, activation_function, activation_steepness)=(0, 0, 0.00000000000000000000e+000) (0, 0, 0.00000000000000000000e+000) (0, 0, 0.00000000000000000000e+000) (0, 0, 0.00000000000000000000e+000) (0, 0, 0.00000000000000000000e+000) (0, 0, 0.00000000000000000000e+000) (0, 0, 0.00000000000000000000e+000) (0, 0, 0.00000000000000000000e+000) (0, 0, 0.00000000000000000000e+000) (9, 6, 5.00000000000000000000e-001) (9, 6, 5.00000000000000000000e-001) (9, 6, 5.00000000000000000000e-001) (0, 6, 0.00000000000000000000e+000) (4, 6, 5.00000000000000000000e-001) (4, 6, 5.00000000000000000000e-001) (4, 6, 5.00000000000000000000e-001) (4, 6, 5.00000000000000000000e-001) (4, 6, 5.00000000000000000000e-001) (0, 6, 0.00000000000000000000e+000) 
connections (connected_to_neuron, weight)=(0, 4.37350776172525490000e-001) (1, -5.51580609831253450000e-001) (2, 7.37947773147885400000e-001) (3, -2.00580308408510350000e+000) (4, -2.53362563399705360000e-001) (5, 4.13442148962408580000e+000) (6, -2.13576303553461200000e+000) (7, -8.64793512231890270000e-001) (8, -2.67344176387924350000e-001) (0, -4.80174988885150980000e+000) (1, 1.24846361779986670000e+001) (2, -1.37937672667357280000e+001) (3, 2.57184887278340890000e+001) (4, 5.61581779630838970000e+000) (5, -5.23590796748953910000e+001) (6, 1.74041127791450170000e+001) (7, 3.23316020401268600000e+001) (8, 2.53447284787663520000e+000) (0, -5.92785682698946910000e+001) (1, -2.98024796263214850000e+002) (2, 3.86668203958700420000e+002) (3, -2.44795022594107170000e+002) (4, -8.52160822773899330000e+002) (5, 1.50000000000000000000e+003) (6, -2.70249723974203790000e+002) (7, -7.18347301739323030000e+002) (8, -1.01315444781222760000e+001) (9, -2.78904048224715460000e+000) (10, -3.86646711467016350000e-001) (11, 2.24931643292494640000e-002) (12, 5.70091798143736120000e-001) (9, 2.13723011945994970000e+000) (10, 3.99807219006255430000e-001) (11, 1.38637366102155170000e-002) (12, 7.69317321201438480000e-001) (9, 6.48568346890549210000e-001) (10, 4.54478374956453600000e-001) (11, 1.73501995079944210000e-001) (12, 8.32689110341207960000e-001) (9, 1.52244768620166890000e+000) (10, 1.34719808202033440000e-001) (11, -4.98757979399245960000e-002) (12, 1.06276152475527090000e+000) (9, 5.51903800733816400000e-001) (10, 9.15848205211714510000e-002) (11, -5.52880796704151650000e-002) (12, 1.02638893592603050000e+000) 
