FANN_FLO_2.1
num_layers=3
learning_rate=0.700000
connection_rate=1.000000
network_type=0
learning_momentum=0.000000
training_algorithm=2
train_error_function=1
train_stop_function=0
cascade_output_change_fraction=0.010000
quickprop_decay=-0.000100
quickprop_mu=1.750000
rprop_increase_factor=1.200000
rprop_decrease_factor=0.500000
rprop_delta_min=0.000000
rprop_delta_max=50.000000
rprop_delta_zero=0.100000
cascade_output_stagnation_epochs=12
cascade_candidate_change_fraction=0.010000
cascade_candidate_stagnation_epochs=12
cascade_max_out_epochs=150
cascade_max_cand_epochs=150
cascade_num_candidate_groups=2
bit_fail_limit=3.49999999999999980000e-001
cascade_candidate_limit=1.00000000000000000000e+003
cascade_weight_multiplier=4.00000000000000020000e-001
cascade_activation_functions_count=10
cascade_activation_functions=3 5 7 8 10 11 14 15 16 17 
cascade_activation_steepnesses_count=4
cascade_activation_steepnesses=2.50000000000000000000e-001 5.00000000000000000000e-001 7.50000000000000000000e-001 1.00000000000000000000e+000 
layer_sizes=9 4 6 
scale_included=0
neurons (num_inputs, activation_function, activation_steepness)=(0, 0, 0.00000000000000000000e+000) (0, 0, 0.00000000000000000000e+000) (0, 0, 0.00000000000000000000e+000) (0, 0, 0.00000000000000000000e+000) (0, 0, 0.00000000000000000000e+000) (0, 0, 0.00000000000000000000e+000) (0, 0, 0.00000000000000000000e+000) (0, 0, 0.00000000000000000000e+000) (0, 0, 0.00000000000000000000e+000) (9, 6, 5.00000000000000000000e-001) (9, 6, 5.00000000000000000000e-001) (9, 6, 5.00000000000000000000e-001) (0, 6, 0.00000000000000000000e+000) (4, 6, 5.00000000000000000000e-001) (4, 6, 5.00000000000000000000e-001) (4, 6, 5.00000000000000000000e-001) (4, 6, 5.00000000000000000000e-001) (4, 6, 5.00000000000000000000e-001) (0, 6, 0.00000000000000000000e+000) 
connections (connected_to_neuron, weight)=(0, 4.83680646872930160000e-001) (1, -7.31160701676620620000e-001) (2, -2.19879337299662050000e+000) (3, -7.29559174632038900000e-001) (4, 4.71330138870735740000e+000) (5, -3.62714066816268990000e+000) (6, 7.60252731149476560000e-001) (7, -3.30624326491054530000e+000) (8, -8.51277831466601270000e-002) (0, -6.29118167327010180000e+000) (1, 2.58992346434641650000e+001) (2, -1.00688948818511190000e+001) (3, -1.06261810581745180000e+001) (4, -4.83602698417262440000e-001) (5, 1.73128708936272130000e+001) (6, 2.23781020206853130000e+000) (7, -5.06852851006652680000e+001) (8, 1.41676318324427770000e+000) (0, 8.56123083299135960000e+000) (1, -3.41640817709717270000e+001) (2, 4.55110985018316860000e+000) (3, 1.21294912904991390000e+001) (4, 1.72070788233351340000e+001) (5, -3.48508695996887850000e+001) (6, -1.82411530750818310000e+000) (7, 4.85758364117374770000e+001) (8, -1.45522643006981770000e+000) (9, -5.31506345819341350000e-002) (10, -2.39230992891460400000e-002) (11, -4.40438821322461370000e-002) (12, 5.59506008043069270000e-001) (9, 3.23107768353109450000e-001) (10, -1.45693335320142280000e-001) (11, -2.46116562954022730000e-001) (12, 7.97790775699949380000e-001) (9, -1.27962732889111060000e+000) (10, 5.88036712121245420000e-001) (11, 4.39424097878016340000e-001) (12, 8.63176437192046840000e-001) (9, 1.19973481633180420000e+000) (10, -5.45551913569976680000e-001) (11, -4.51434891751690100000e-001) (12, 1.11810183747465050000e+000) (9, -2.29815400753743360000e+000) (10, 1.52216653175679340000e+000) (11, 1.48548326808172200000e+000) (12, 9.95357192676676550000e-001) 
