FANN_FLO_2.1
num_layers=3
learning_rate=0.700000
connection_rate=1.000000
network_type=0
learning_momentum=0.000000
training_algorithm=2
train_error_function=1
train_stop_function=0
cascade_output_change_fraction=0.010000
quickprop_decay=-0.000100
quickprop_mu=1.750000
rprop_increase_factor=1.200000
rprop_decrease_factor=0.500000
rprop_delta_min=0.000000
rprop_delta_max=50.000000
rprop_delta_zero=0.100000
cascade_output_stagnation_epochs=12
cascade_candidate_change_fraction=0.010000
cascade_candidate_stagnation_epochs=12
cascade_max_out_epochs=150
cascade_max_cand_epochs=150
cascade_num_candidate_groups=2
bit_fail_limit=3.49999999999999980000e-001
cascade_candidate_limit=1.00000000000000000000e+003
cascade_weight_multiplier=4.00000000000000020000e-001
cascade_activation_functions_count=10
cascade_activation_functions=3 5 7 8 10 11 14 15 16 17 
cascade_activation_steepnesses_count=4
cascade_activation_steepnesses=2.50000000000000000000e-001 5.00000000000000000000e-001 7.50000000000000000000e-001 1.00000000000000000000e+000 
layer_sizes=9 4 6 
scale_included=0
neurons (num_inputs, activation_function, activation_steepness)=(0, 0, 0.00000000000000000000e+000) (0, 0, 0.00000000000000000000e+000) (0, 0, 0.00000000000000000000e+000) (0, 0, 0.00000000000000000000e+000) (0, 0, 0.00000000000000000000e+000) (0, 0, 0.00000000000000000000e+000) (0, 0, 0.00000000000000000000e+000) (0, 0, 0.00000000000000000000e+000) (0, 0, 0.00000000000000000000e+000) (9, 6, 5.00000000000000000000e-001) (9, 6, 5.00000000000000000000e-001) (9, 6, 5.00000000000000000000e-001) (0, 6, 0.00000000000000000000e+000) (4, 6, 5.00000000000000000000e-001) (4, 6, 5.00000000000000000000e-001) (4, 6, 5.00000000000000000000e-001) (4, 6, 5.00000000000000000000e-001) (4, 6, 5.00000000000000000000e-001) (0, 6, 0.00000000000000000000e+000) 
connections (connected_to_neuron, weight)=(0, 2.44005056122929860000e-001) (1, 2.20183537066228490000e+000) (2, -1.06803778629431360000e+000) (3, -4.87113593262865320000e+000) (4, 1.00628870140645770000e+000) (5, 6.25034873216816060000e+000) (6, -6.09172140171255720000e+000) (7, 3.89559764035233570000e-001) (8, 1.34829927673640570000e+000) (0, -6.60454663283244870000e-001) (1, 2.50460378977820810000e+000) (2, -1.04601124959929410000e+000) (3, -1.07180773747137350000e+000) (4, -1.56204043638269390000e+000) (5, 4.04605882198761700000e+000) (6, -3.75843975685595800000e+000) (7, 1.48302543401355020000e+000) (8, 1.05689836149553610000e+000) (0, 1.52253316070390450000e+001) (1, -3.58813142921552600000e+001) (2, 1.94945255021992450000e+000) (3, -7.34225683691830790000e+000) (4, 5.61175830688027940000e+001) (5, -5.06584864042224940000e+001) (6, -2.72924528671018330000e+000) (7, 5.27744623879642830000e+000) (8, -2.57220276436409710000e-001) (9, -6.26315155585207560000e-001) (10, 2.64069040515275410000e-002) (11, -3.40497946556830300000e-002) (12, 9.01694090084215860000e-001) (9, 7.08039604114397260000e-001) (10, 7.06310507209915870000e-002) (11, -8.30291901038996970000e-002) (12, 4.04142600766297650000e-001) (9, -8.97660943988139560000e-001) (10, 1.24022218288093720000e+000) (11, 1.29148318954430480000e-004) (12, 8.94523299157080950000e-001) (9, 6.09656840030903590000e-001) (10, -6.19742245655238500000e-001) (11, 1.83668313194778510000e-002) (12, 9.82546897408003940000e-001) (9, -9.10752384624862970000e-001) (10, 1.79526579240633310000e+000) (11, 2.37856336858225160000e-001) (12, 7.58381644911616080000e-001) 
