FANN_FLO_2.1
num_layers=3
learning_rate=0.700000
connection_rate=1.000000
network_type=0
learning_momentum=0.000000
training_algorithm=2
train_error_function=1
train_stop_function=0
cascade_output_change_fraction=0.010000
quickprop_decay=-0.000100
quickprop_mu=1.750000
rprop_increase_factor=1.200000
rprop_decrease_factor=0.500000
rprop_delta_min=0.000000
rprop_delta_max=50.000000
rprop_delta_zero=0.100000
cascade_output_stagnation_epochs=12
cascade_candidate_change_fraction=0.010000
cascade_candidate_stagnation_epochs=12
cascade_max_out_epochs=150
cascade_max_cand_epochs=150
cascade_num_candidate_groups=2
bit_fail_limit=3.49999999999999980000e-001
cascade_candidate_limit=1.00000000000000000000e+003
cascade_weight_multiplier=4.00000000000000020000e-001
cascade_activation_functions_count=10
cascade_activation_functions=3 5 7 8 10 11 14 15 16 17 
cascade_activation_steepnesses_count=4
cascade_activation_steepnesses=2.50000000000000000000e-001 5.00000000000000000000e-001 7.50000000000000000000e-001 1.00000000000000000000e+000 
layer_sizes=9 4 6 
scale_included=0
neurons (num_inputs, activation_function, activation_steepness)=(0, 0, 0.00000000000000000000e+000) (0, 0, 0.00000000000000000000e+000) (0, 0, 0.00000000000000000000e+000) (0, 0, 0.00000000000000000000e+000) (0, 0, 0.00000000000000000000e+000) (0, 0, 0.00000000000000000000e+000) (0, 0, 0.00000000000000000000e+000) (0, 0, 0.00000000000000000000e+000) (0, 0, 0.00000000000000000000e+000) (9, 6, 5.00000000000000000000e-001) (9, 6, 5.00000000000000000000e-001) (9, 6, 5.00000000000000000000e-001) (0, 6, 0.00000000000000000000e+000) (4, 6, 5.00000000000000000000e-001) (4, 6, 5.00000000000000000000e-001) (4, 6, 5.00000000000000000000e-001) (4, 6, 5.00000000000000000000e-001) (4, 6, 5.00000000000000000000e-001) (0, 6, 0.00000000000000000000e+000) 
connections (connected_to_neuron, weight)=(0, 4.84945991902864740000e+000) (1, -3.42274795331240830000e+000) (2, 1.35436393506189630000e+000) (3, -3.23578096914637080000e+000) (4, 1.31950864759563570000e+001) (5, -1.61872965719654970000e+001) (6, -5.30667047670583260000e+000) (7, 1.22919079072252660000e+000) (8, -5.31097750517564690000e-001) (0, -6.26853606099439080000e-001) (1, -3.62263631092681950000e-001) (2, -7.50777282143514250000e-001) (3, 4.72498221329769760000e-001) (4, -1.27665196940295460000e+000) (5, 1.75963519824438650000e+000) (6, -1.80707459304922310000e+000) (7, 2.25482612532123380000e+000) (8, 3.89793341570480070000e-001) (0, -4.43319455913146410000e+000) (1, 6.07715749982577780000e+000) (2, 1.71390106671877370000e+000) (3, 3.42726923663326710000e+000) (4, -1.25706652526892150000e+001) (5, 1.13007607926719940000e+001) (6, 1.59433642511561950000e+001) (7, -9.62807828109638740000e+000) (8, -2.59708941524558260000e-001) (9, 6.79324495544742720000e-001) (10, 1.71550041613080580000e+000) (11, 6.21188550678760110000e-001) (12, 4.97973443534578450000e-001) (9, -2.33650713823271870000e+000) (10, -5.27809011807757500000e+000) (11, -1.68879630642623700000e+000) (12, 1.02522006006042950000e+000) (9, -1.20307389726434910000e-001) (10, 3.98277814054451060000e-001) (11, 2.28294899100509800000e-002) (12, 8.92835106173908820000e-001) (9, -1.76383067260524970000e+000) (10, -5.06436565350869920000e+000) (11, -1.38503694747423480000e+000) (12, 1.33725843335455990000e+000) (9, 2.03337587172287250000e-002) (10, 4.92375274685733940000e-001) (11, -1.97211098757128640000e-001) (12, 9.87705510291185920000e-001) 
