FANN_FLO_2.1
num_layers=3
learning_rate=0.700000
connection_rate=1.000000
network_type=0
learning_momentum=0.000000
training_algorithm=2
train_error_function=1
train_stop_function=0
cascade_output_change_fraction=0.010000
quickprop_decay=-0.000100
quickprop_mu=1.750000
rprop_increase_factor=1.200000
rprop_decrease_factor=0.500000
rprop_delta_min=0.000000
rprop_delta_max=50.000000
rprop_delta_zero=0.100000
cascade_output_stagnation_epochs=12
cascade_candidate_change_fraction=0.010000
cascade_candidate_stagnation_epochs=12
cascade_max_out_epochs=150
cascade_max_cand_epochs=150
cascade_num_candidate_groups=2
bit_fail_limit=3.49999999999999980000e-001
cascade_candidate_limit=1.00000000000000000000e+003
cascade_weight_multiplier=4.00000000000000020000e-001
cascade_activation_functions_count=10
cascade_activation_functions=3 5 7 8 10 11 14 15 16 17 
cascade_activation_steepnesses_count=4
cascade_activation_steepnesses=2.50000000000000000000e-001 5.00000000000000000000e-001 7.50000000000000000000e-001 1.00000000000000000000e+000 
layer_sizes=9 4 6 
scale_included=0
neurons (num_inputs, activation_function, activation_steepness)=(0, 0, 0.00000000000000000000e+000) (0, 0, 0.00000000000000000000e+000) (0, 0, 0.00000000000000000000e+000) (0, 0, 0.00000000000000000000e+000) (0, 0, 0.00000000000000000000e+000) (0, 0, 0.00000000000000000000e+000) (0, 0, 0.00000000000000000000e+000) (0, 0, 0.00000000000000000000e+000) (0, 0, 0.00000000000000000000e+000) (9, 6, 5.00000000000000000000e-001) (9, 6, 5.00000000000000000000e-001) (9, 6, 5.00000000000000000000e-001) (0, 6, 0.00000000000000000000e+000) (4, 6, 5.00000000000000000000e-001) (4, 6, 5.00000000000000000000e-001) (4, 6, 5.00000000000000000000e-001) (4, 6, 5.00000000000000000000e-001) (4, 6, 5.00000000000000000000e-001) (0, 6, 0.00000000000000000000e+000) 
connections (connected_to_neuron, weight)=(0, 8.72041086651537790000e+000) (1, -9.12094055209063840000e-001) (2, 5.48112668372662700000e+000) (3, -2.13766511280864330000e+001) (4, 3.64269884846186400000e+001) (5, -2.82261755416295620000e+001) (6, 4.06085033766511480000e+000) (7, -1.19895357995565580000e+001) (8, -2.10468546251227280000e+000) (0, 2.80476457828362590000e+000) (1, 2.59215335757874410000e+000) (2, 2.45985179890937470000e+000) (3, -1.73993050450241750000e+001) (4, 7.84338474574729630000e+000) (5, 9.23473347938305270000e-001) (6, 4.61163278692071190000e+000) (7, -1.00816733272443550000e+001) (8, -1.68784811227424890000e-001) (0, 2.60533427394781690000e+000) (1, 1.29993796065618770000e+001) (2, 7.21945914107990210000e+000) (3, -4.40437994944587890000e+001) (4, -1.12452568212844790000e+000) (5, 1.88010090690130020000e+001) (6, 2.32679472372329030000e+001) (7, -2.96285239151458410000e+001) (8, 8.50021591642331380000e-001) (9, 4.18685970023353840000e-001) (10, -1.38080130038274200000e+000) (11, 5.27901926330337280000e-001) (12, 5.62960262522148810000e-001) (9, -6.20858531798476050000e-001) (10, 1.50823419752354760000e+000) (11, -5.01640908581238000000e-001) (12, 7.10347238774224340000e-001) (9, -1.99055037819530430000e-001) (10, 1.65469094613140440000e-001) (11, -5.23717078799052420000e-002) (12, 8.84765936370657700000e-001) (9, -5.57775908431896950000e-001) (10, 1.94115269090754720000e+000) (11, -8.08742978131856030000e-001) (12, 1.08870439441864610000e+000) (9, -4.21838552187987050000e-001) (10, 1.56397909347933520000e+000) (11, -7.82025457952882590000e-001) (12, 1.19506907168413880000e+000) 
