FANN_FLO_2.1
num_layers=3
learning_rate=0.700000
connection_rate=1.000000
network_type=0
learning_momentum=0.000000
training_algorithm=2
train_error_function=1
train_stop_function=0
cascade_output_change_fraction=0.010000
quickprop_decay=-0.000100
quickprop_mu=1.750000
rprop_increase_factor=1.200000
rprop_decrease_factor=0.500000
rprop_delta_min=0.000000
rprop_delta_max=50.000000
rprop_delta_zero=0.100000
cascade_output_stagnation_epochs=12
cascade_candidate_change_fraction=0.010000
cascade_candidate_stagnation_epochs=12
cascade_max_out_epochs=150
cascade_max_cand_epochs=150
cascade_num_candidate_groups=2
bit_fail_limit=3.49999999999999980000e-001
cascade_candidate_limit=1.00000000000000000000e+003
cascade_weight_multiplier=4.00000000000000020000e-001
cascade_activation_functions_count=10
cascade_activation_functions=3 5 7 8 10 11 14 15 16 17 
cascade_activation_steepnesses_count=4
cascade_activation_steepnesses=2.50000000000000000000e-001 5.00000000000000000000e-001 7.50000000000000000000e-001 1.00000000000000000000e+000 
layer_sizes=9 4 6 
scale_included=0
neurons (num_inputs, activation_function, activation_steepness)=(0, 0, 0.00000000000000000000e+000) (0, 0, 0.00000000000000000000e+000) (0, 0, 0.00000000000000000000e+000) (0, 0, 0.00000000000000000000e+000) (0, 0, 0.00000000000000000000e+000) (0, 0, 0.00000000000000000000e+000) (0, 0, 0.00000000000000000000e+000) (0, 0, 0.00000000000000000000e+000) (0, 0, 0.00000000000000000000e+000) (9, 6, 5.00000000000000000000e-001) (9, 6, 5.00000000000000000000e-001) (9, 6, 5.00000000000000000000e-001) (0, 6, 0.00000000000000000000e+000) (4, 6, 5.00000000000000000000e-001) (4, 6, 5.00000000000000000000e-001) (4, 6, 5.00000000000000000000e-001) (4, 6, 5.00000000000000000000e-001) (4, 6, 5.00000000000000000000e-001) (0, 6, 0.00000000000000000000e+000) 
connections (connected_to_neuron, weight)=(0, -2.70243969889150840000e-001) (1, 2.17481885718775160000e-002) (2, 1.08396229214810550000e-001) (3, 1.86095562134442690000e+000) (4, -7.45759105331614600000e-001) (5, -1.68678485922187990000e+000) (6, 1.77844282509965600000e+000) (7, 1.17866234985560000000e-002) (8, -3.58792182626084870000e-001) (0, 1.36955448421598940000e+001) (1, -2.59018525809207960000e+001) (2, 1.81911648778227190000e+000) (3, -9.38869553122442110000e+000) (4, 3.73864132484830170000e+001) (5, -2.69097292820030100000e+001) (6, -9.06045041191856980000e+000) (7, 3.06017051202711280000e-001) (8, 1.04527490676554110000e-001) (0, -6.04454970357690690000e-001) (1, 2.00550479091949010000e+000) (2, -9.62652630825743590000e-001) (3, -1.20818094839467080000e+000) (4, -1.60012018280696020000e+000) (5, 4.24524566787703430000e+000) (6, -3.58116759236712710000e+000) (7, 1.75728127052296630000e+000) (8, 9.98871214846831170000e-001) (9, 5.55005849960832020000e-001) (10, -6.19860133179437190000e-002) (11, -3.39119414867066590000e-001) (12, 8.16164650845654820000e-001) (9, -1.60265536675786220000e+000) (10, -1.24489840071867060000e-001) (11, 2.73388894360081460000e-001) (12, 4.63498561163009140000e-001) (9, 1.61026805557607730000e+000) (10, 2.46199429933049960000e-002) (11, 1.03135726878400510000e+000) (12, 7.81155401108935110000e-001) (9, -1.16844886357141940000e+000) (10, -1.40382213966329950000e-003) (11, -6.06651673660226210000e-001) (12, 1.10761187956888980000e+000) (9, 1.80813270802331830000e+000) (10, 2.82998486933795810000e-001) (11, 1.36777880466966420000e+000) (12, 7.42583645922243910000e-001) 
