FANN_FLO_2.1
num_layers=3
learning_rate=0.700000
connection_rate=1.000000
network_type=0
learning_momentum=0.000000
training_algorithm=2
train_error_function=1
train_stop_function=0
cascade_output_change_fraction=0.010000
quickprop_decay=-0.000100
quickprop_mu=1.750000
rprop_increase_factor=1.200000
rprop_decrease_factor=0.500000
rprop_delta_min=0.000000
rprop_delta_max=50.000000
rprop_delta_zero=0.100000
cascade_output_stagnation_epochs=12
cascade_candidate_change_fraction=0.010000
cascade_candidate_stagnation_epochs=12
cascade_max_out_epochs=150
cascade_max_cand_epochs=150
cascade_num_candidate_groups=2
bit_fail_limit=3.49999999999999980000e-001
cascade_candidate_limit=1.00000000000000000000e+003
cascade_weight_multiplier=4.00000000000000020000e-001
cascade_activation_functions_count=10
cascade_activation_functions=3 5 7 8 10 11 14 15 16 17 
cascade_activation_steepnesses_count=4
cascade_activation_steepnesses=2.50000000000000000000e-001 5.00000000000000000000e-001 7.50000000000000000000e-001 1.00000000000000000000e+000 
layer_sizes=9 4 6 
scale_included=0
neurons (num_inputs, activation_function, activation_steepness)=(0, 0, 0.00000000000000000000e+000) (0, 0, 0.00000000000000000000e+000) (0, 0, 0.00000000000000000000e+000) (0, 0, 0.00000000000000000000e+000) (0, 0, 0.00000000000000000000e+000) (0, 0, 0.00000000000000000000e+000) (0, 0, 0.00000000000000000000e+000) (0, 0, 0.00000000000000000000e+000) (0, 0, 0.00000000000000000000e+000) (9, 6, 5.00000000000000000000e-001) (9, 6, 5.00000000000000000000e-001) (9, 6, 5.00000000000000000000e-001) (0, 6, 0.00000000000000000000e+000) (4, 6, 5.00000000000000000000e-001) (4, 6, 5.00000000000000000000e-001) (4, 6, 5.00000000000000000000e-001) (4, 6, 5.00000000000000000000e-001) (4, 6, 5.00000000000000000000e-001) (0, 6, 0.00000000000000000000e+000) 
connections (connected_to_neuron, weight)=(0, -4.49381809611898660000e+000) (1, -2.52047336577073060000e+000) (2, -6.66410390709404600000e+000) (3, 8.07438742647813430000e+000) (4, -6.46329362812935490000e+000) (5, 2.84086945537357350000e+001) (6, -3.16679969899098030000e+001) (7, 2.62794257771650730000e+001) (8, 6.62775108623290140000e-001) (0, 1.72828697872861590000e+000) (1, 1.60584894492678320000e+000) (2, 3.29067966127237810000e+000) (3, -4.44958276552827400000e+000) (4, 1.17862133193272190000e+000) (5, -6.20665453681797890000e+000) (6, 9.88807024854737190000e+000) (7, -1.24706876697872120000e+001) (8, -7.65220921085877800000e-001) (0, -8.36175246796787870000e+000) (1, 5.61415477877851730000e+000) (2, 2.44088119360788890000e-001) (3, -1.34173908221198540000e-001) (4, -2.53315680750120580000e+001) (5, 6.51604942507554060000e+001) (6, -4.51315837781921160000e+001) (7, 7.04832115544237410000e+000) (8, 1.56596381171343110000e-001) (9, -7.37889935455890880000e-001) (10, -1.20317909976426310000e+000) (11, 2.21222912602101360000e-001) (12, 3.68546498426891470000e-001) (9, 4.58386142433501400000e-001) (10, 8.25667715194684630000e-001) (11, 3.58330624934238490000e-002) (12, 9.87221192263817440000e-001) (9, -2.67722925622276900000e-001) (10, -4.56976463057231270000e-001) (11, 1.71634742979671430000e-001) (12, 9.00286698225067910000e-001) (9, 1.86074416395420190000e+000) (10, 3.11693481007473140000e+000) (11, -5.24906381923241570000e-001) (12, 1.57537162977383250000e+000) (9, 1.45925103440559160000e+000) (10, 1.78351105660807190000e+000) (11, -5.94569804269098330000e-001) (12, 1.28906452147433480000e+000) 
