FANN_FLO_2.1
num_layers=3
learning_rate=0.700000
connection_rate=1.000000
network_type=0
learning_momentum=0.000000
training_algorithm=2
train_error_function=1
train_stop_function=0
cascade_output_change_fraction=0.010000
quickprop_decay=-0.000100
quickprop_mu=1.750000
rprop_increase_factor=1.200000
rprop_decrease_factor=0.500000
rprop_delta_min=0.000000
rprop_delta_max=50.000000
rprop_delta_zero=0.100000
cascade_output_stagnation_epochs=12
cascade_candidate_change_fraction=0.010000
cascade_candidate_stagnation_epochs=12
cascade_max_out_epochs=150
cascade_max_cand_epochs=150
cascade_num_candidate_groups=2
bit_fail_limit=3.49999999999999980000e-001
cascade_candidate_limit=1.00000000000000000000e+003
cascade_weight_multiplier=4.00000000000000020000e-001
cascade_activation_functions_count=10
cascade_activation_functions=3 5 7 8 10 11 14 15 16 17 
cascade_activation_steepnesses_count=4
cascade_activation_steepnesses=2.50000000000000000000e-001 5.00000000000000000000e-001 7.50000000000000000000e-001 1.00000000000000000000e+000 
layer_sizes=9 4 6 
scale_included=0
neurons (num_inputs, activation_function, activation_steepness)=(0, 0, 0.00000000000000000000e+000) (0, 0, 0.00000000000000000000e+000) (0, 0, 0.00000000000000000000e+000) (0, 0, 0.00000000000000000000e+000) (0, 0, 0.00000000000000000000e+000) (0, 0, 0.00000000000000000000e+000) (0, 0, 0.00000000000000000000e+000) (0, 0, 0.00000000000000000000e+000) (0, 0, 0.00000000000000000000e+000) (9, 6, 5.00000000000000000000e-001) (9, 6, 5.00000000000000000000e-001) (9, 6, 5.00000000000000000000e-001) (0, 6, 0.00000000000000000000e+000) (4, 6, 5.00000000000000000000e-001) (4, 6, 5.00000000000000000000e-001) (4, 6, 5.00000000000000000000e-001) (4, 6, 5.00000000000000000000e-001) (4, 6, 5.00000000000000000000e-001) (0, 6, 0.00000000000000000000e+000) 
connections (connected_to_neuron, weight)=(0, 2.94354613709242010000e+000) (1, -1.04450868133237030000e+000) (2, 4.99027785095844220000e-001) (3, -3.55954833333256770000e+000) (4, 6.16086845111017570000e+000) (5, -4.88744973472009560000e+000) (6, -3.92916629872993720000e+000) (7, 1.26757736329108560000e+000) (8, 7.10050715795500910000e-002) (0, -2.24774235437841770000e+001) (1, 1.01351226979143890000e+000) (2, -1.27680952650089900000e+001) (3, 4.52890933509860360000e+001) (4, -8.42725917181931120000e+001) (5, 1.27405337269591360000e+002) (6, 2.71891732704466240000e+001) (7, -4.78862554953237310000e+001) (8, 5.75308375469041170000e+000) (0, 8.54257047653362460000e+000) (1, -5.38333772242794950000e+000) (2, 9.76917052936844940000e-001) (3, -6.04944063714328630000e+000) (4, 1.50397342270974050000e+001) (5, -1.40575144710976650000e+001) (6, -7.44380867908804870000e+000) (7, 1.49252055458769810000e+000) (8, 8.94365210943977030000e-001) (9, -1.37568512753955810000e+000) (10, -2.60828876820297480000e-001) (11, 4.47585031221608980000e-001) (12, 6.99173295711984720000e-001) (9, 2.01957155340900310000e+000) (10, 3.56767169792855500000e-001) (11, -1.03617821767199600000e+000) (12, 8.32770170330918160000e-001) (9, -3.87486643805765810000e-001) (10, 1.86214495875430160000e-002) (11, 7.45026014765765850000e-002) (12, 9.52916934733581520000e-001) (9, 1.86275747039923960000e+000) (10, 3.27832556985662330000e-001) (11, -6.47848726817953800000e-001) (12, 9.00678122819914440000e-001) (9, -1.66476444634869700000e+000) (10, -1.73314617645453030000e-001) (11, 1.06669267510574260000e+000) (12, 8.71525976013576180000e-001) 
