FANN_FLO_2.1
num_layers=3
learning_rate=0.700000
connection_rate=1.000000
network_type=0
learning_momentum=0.000000
training_algorithm=2
train_error_function=1
train_stop_function=0
cascade_output_change_fraction=0.010000
quickprop_decay=-0.000100
quickprop_mu=1.750000
rprop_increase_factor=1.200000
rprop_decrease_factor=0.500000
rprop_delta_min=0.000000
rprop_delta_max=50.000000
rprop_delta_zero=0.100000
cascade_output_stagnation_epochs=12
cascade_candidate_change_fraction=0.010000
cascade_candidate_stagnation_epochs=12
cascade_max_out_epochs=150
cascade_max_cand_epochs=150
cascade_num_candidate_groups=2
bit_fail_limit=3.49999999999999980000e-001
cascade_candidate_limit=1.00000000000000000000e+003
cascade_weight_multiplier=4.00000000000000020000e-001
cascade_activation_functions_count=10
cascade_activation_functions=3 5 7 8 10 11 14 15 16 17 
cascade_activation_steepnesses_count=4
cascade_activation_steepnesses=2.50000000000000000000e-001 5.00000000000000000000e-001 7.50000000000000000000e-001 1.00000000000000000000e+000 
layer_sizes=9 4 6 
scale_included=0
neurons (num_inputs, activation_function, activation_steepness)=(0, 0, 0.00000000000000000000e+000) (0, 0, 0.00000000000000000000e+000) (0, 0, 0.00000000000000000000e+000) (0, 0, 0.00000000000000000000e+000) (0, 0, 0.00000000000000000000e+000) (0, 0, 0.00000000000000000000e+000) (0, 0, 0.00000000000000000000e+000) (0, 0, 0.00000000000000000000e+000) (0, 0, 0.00000000000000000000e+000) (9, 6, 5.00000000000000000000e-001) (9, 6, 5.00000000000000000000e-001) (9, 6, 5.00000000000000000000e-001) (0, 6, 0.00000000000000000000e+000) (4, 6, 5.00000000000000000000e-001) (4, 6, 5.00000000000000000000e-001) (4, 6, 5.00000000000000000000e-001) (4, 6, 5.00000000000000000000e-001) (4, 6, 5.00000000000000000000e-001) (0, 6, 0.00000000000000000000e+000) 
connections (connected_to_neuron, weight)=(0, 4.36622956845779080000e+000) (1, 3.10693895428313650000e+000) (2, 7.72343744276608040000e+000) (3, -8.53683466515975380000e+000) (4, 6.46704757043915990000e+000) (5, -2.95903347685834750000e+001) (6, 3.12107041614617450000e+001) (7, -2.65366814916976740000e+001) (8, -6.09538992834377180000e-001) (0, -1.66553309569632100000e+000) (1, -1.49294641809179350000e+000) (2, -3.47364720318009250000e+000) (3, 4.21166216261232320000e+000) (4, -1.03009974948628510000e+000) (5, 6.10405647199517530000e+000) (6, -9.38083871799016930000e+000) (7, 1.20515650408450110000e+001) (8, 7.37675669532920740000e-001) (0, 9.49308085635777130000e+000) (1, -6.22867829553577580000e+000) (2, -1.45921283283404370000e+000) (3, 2.70166950934654270000e-002) (4, 3.56631093782683730000e+001) (5, -8.38158702874455770000e+001) (6, 4.89562563286249810000e+001) (7, 5.20294020236358180000e-001) (8, 5.37743967553903430000e-002) (9, 6.42222443842540570000e-001) (10, 1.15325390526271910000e+000) (11, -1.67963243479455710000e-001) (12, 3.76020205449594800000e-001) (9, -4.40958796186767370000e-001) (10, -7.96897594512339550000e-001) (11, -3.22422789404536380000e-002) (12, 9.83229790902433230000e-001) (9, 2.62341651170967640000e-001) (10, 5.19768009553701060000e-001) (11, -1.46037291783952220000e-001) (12, 8.91439761308613020000e-001) (9, -1.71910736467974700000e+000) (10, -3.17441202457968470000e+000) (11, 4.12225150163332110000e-001) (12, 1.59115426334117530000e+000) (9, -1.11933252193180800000e+000) (10, -1.51405696630802610000e+000) (11, 4.09940376880512600000e-001) (12, 1.25682211755224760000e+000) 
