FANN_FLO_2.1
num_layers=3
learning_rate=0.700000
connection_rate=1.000000
network_type=0
learning_momentum=0.000000
training_algorithm=2
train_error_function=1
train_stop_function=0
cascade_output_change_fraction=0.010000
quickprop_decay=-0.000100
quickprop_mu=1.750000
rprop_increase_factor=1.200000
rprop_decrease_factor=0.500000
rprop_delta_min=0.000000
rprop_delta_max=50.000000
rprop_delta_zero=0.100000
cascade_output_stagnation_epochs=12
cascade_candidate_change_fraction=0.010000
cascade_candidate_stagnation_epochs=12
cascade_max_out_epochs=150
cascade_max_cand_epochs=150
cascade_num_candidate_groups=2
bit_fail_limit=3.49999999999999980000e-001
cascade_candidate_limit=1.00000000000000000000e+003
cascade_weight_multiplier=4.00000000000000020000e-001
cascade_activation_functions_count=10
cascade_activation_functions=3 5 7 8 10 11 14 15 16 17 
cascade_activation_steepnesses_count=4
cascade_activation_steepnesses=2.50000000000000000000e-001 5.00000000000000000000e-001 7.50000000000000000000e-001 1.00000000000000000000e+000 
layer_sizes=9 4 6 
scale_included=0
neurons (num_inputs, activation_function, activation_steepness)=(0, 0, 0.00000000000000000000e+000) (0, 0, 0.00000000000000000000e+000) (0, 0, 0.00000000000000000000e+000) (0, 0, 0.00000000000000000000e+000) (0, 0, 0.00000000000000000000e+000) (0, 0, 0.00000000000000000000e+000) (0, 0, 0.00000000000000000000e+000) (0, 0, 0.00000000000000000000e+000) (0, 0, 0.00000000000000000000e+000) (9, 6, 5.00000000000000000000e-001) (9, 6, 5.00000000000000000000e-001) (9, 6, 5.00000000000000000000e-001) (0, 6, 0.00000000000000000000e+000) (4, 6, 5.00000000000000000000e-001) (4, 6, 5.00000000000000000000e-001) (4, 6, 5.00000000000000000000e-001) (4, 6, 5.00000000000000000000e-001) (4, 6, 5.00000000000000000000e-001) (0, 6, 0.00000000000000000000e+000) 
connections (connected_to_neuron, weight)=(0, 4.66779218119632680000e+000) (1, -7.72460100268639400000e+000) (2, -2.53257075103342720000e+000) (3, -1.16007519320352740000e+000) (4, 1.19180583008972750000e+001) (5, -8.90549676507746390000e+000) (6, -1.79967966021632290000e+001) (7, 1.14142506350708090000e+001) (8, -2.67002678944810580000e-002) (0, -5.03292470287948430000e-001) (1, -1.03136386680403240000e+000) (2, -6.65993864238306090000e-001) (3, 7.65328165481640510000e-001) (4, -8.99626635773796090000e-001) (5, 1.48315555443503540000e+000) (6, -2.10983789855174390000e+000) (7, 2.37766938902293080000e+000) (8, 4.08175610957974830000e-001) (0, -7.42290943926237820000e+000) (1, 2.27428825003277750000e+000) (2, -2.44333809556785610000e+000) (3, 4.76403930939541190000e+000) (4, -2.04234550005129910000e+001) (5, 2.86124711128230620000e+001) (6, 4.82215799128526700000e+000) (7, -9.44531061502344230000e-001) (8, 1.25476056942542020000e+000) (9, -4.73649522658461830000e-001) (10, 1.67968894881126610000e+000) (11, -3.95483285027589280000e-001) (12, 4.56931546565201070000e-001) (9, 7.22851387969459910000e-001) (10, -2.93749302357585720000e+000) (11, 8.52753166273315320000e-001) (12, 9.54781622217109720000e-001) (9, -5.10672233503327720000e-002) (10, 2.72101621878699740000e-001) (11, 8.87605368350804500000e-002) (12, 8.91874471999133390000e-001) (9, 1.01781473231987320000e+000) (10, -4.63406091475966960000e+000) (11, 9.89468073386061350000e-001) (12, 1.38517399262943310000e+000) (9, 3.30905375088023760000e-001) (10, -2.93982244245596990000e-001) (11, 1.61599835477201080000e-001) (12, 1.06353250890767170000e+000) 
