FANN_FLO_2.1
num_layers=3
learning_rate=0.700000
connection_rate=1.000000
network_type=0
learning_momentum=0.000000
training_algorithm=2
train_error_function=1
train_stop_function=0
cascade_output_change_fraction=0.010000
quickprop_decay=-0.000100
quickprop_mu=1.750000
rprop_increase_factor=1.200000
rprop_decrease_factor=0.500000
rprop_delta_min=0.000000
rprop_delta_max=50.000000
rprop_delta_zero=0.100000
cascade_output_stagnation_epochs=12
cascade_candidate_change_fraction=0.010000
cascade_candidate_stagnation_epochs=12
cascade_max_out_epochs=150
cascade_max_cand_epochs=150
cascade_num_candidate_groups=2
bit_fail_limit=3.49999999999999980000e-001
cascade_candidate_limit=1.00000000000000000000e+003
cascade_weight_multiplier=4.00000000000000020000e-001
cascade_activation_functions_count=10
cascade_activation_functions=3 5 7 8 10 11 14 15 16 17 
cascade_activation_steepnesses_count=4
cascade_activation_steepnesses=2.50000000000000000000e-001 5.00000000000000000000e-001 7.50000000000000000000e-001 1.00000000000000000000e+000 
layer_sizes=9 4 6 
scale_included=0
neurons (num_inputs, activation_function, activation_steepness)=(0, 0, 0.00000000000000000000e+000) (0, 0, 0.00000000000000000000e+000) (0, 0, 0.00000000000000000000e+000) (0, 0, 0.00000000000000000000e+000) (0, 0, 0.00000000000000000000e+000) (0, 0, 0.00000000000000000000e+000) (0, 0, 0.00000000000000000000e+000) (0, 0, 0.00000000000000000000e+000) (0, 0, 0.00000000000000000000e+000) (9, 6, 5.00000000000000000000e-001) (9, 6, 5.00000000000000000000e-001) (9, 6, 5.00000000000000000000e-001) (0, 6, 0.00000000000000000000e+000) (4, 6, 5.00000000000000000000e-001) (4, 6, 5.00000000000000000000e-001) (4, 6, 5.00000000000000000000e-001) (4, 6, 5.00000000000000000000e-001) (4, 6, 5.00000000000000000000e-001) (0, 6, 0.00000000000000000000e+000) 
connections (connected_to_neuron, weight)=(0, -2.80608795451860750000e+000) (1, -2.50272559121597290000e+000) (2, -2.43374934951762080000e+000) (3, 1.70272282260879170000e+001) (4, -7.93713008002914400000e+000) (5, -7.03188243673868450000e-001) (6, -4.54442004070349360000e+000) (7, 9.99790241787438740000e+000) (8, 2.04102387781798290000e-001) (0, 8.55686591028358730000e+000) (1, -8.77911555403828150000e-001) (2, 5.34525431699865280000e+000) (3, -2.09288822951910130000e+001) (4, 3.57872193570926100000e+001) (5, -2.76518256517490290000e+001) (6, 3.92534079921013210000e+000) (7, -1.17454160497305830000e+001) (8, -2.08392389186691670000e+000) (0, -2.61425460424252560000e+000) (1, -1.29303165113722670000e+001) (2, -7.27317521421523590000e+000) (3, 4.38114223474616510000e+001) (4, 1.11547457577767580000e+000) (5, -1.87147264959597310000e+001) (6, -2.34414945230083300000e+001) (7, 2.99695756645510760000e+001) (8, -8.30042702543785870000e-001) (9, 1.38011662216376710000e+000) (10, 4.29953924290442490000e-001) (11, -5.12034007940026510000e-001) (12, 5.57529472176107380000e-001) (9, -1.51627231264360000000e+000) (10, -6.37597464167764080000e-001) (11, 4.88738230489257800000e-001) (12, 7.16647017709078570000e-001) (9, -1.55890189432380170000e-001) (10, -1.99047626309606620000e-001) (11, 4.70882782773585020000e-002) (12, 8.84745466843968600000e-001) (9, -1.98196700939097290000e+000) (10, -5.85830214953522830000e-001) (11, 8.02949162789767250000e-001) (12, 1.09713815237032760000e+000) (9, -1.57056948646216580000e+000) (10, -4.35946894108627860000e-001) (11, 7.66760471193505650000e-001) (12, 1.20059375375927440000e+000) 
