FANN_FLO_2.1
num_layers=3
learning_rate=0.700000
connection_rate=1.000000
network_type=0
learning_momentum=0.000000
training_algorithm=2
train_error_function=1
train_stop_function=0
cascade_output_change_fraction=0.010000
quickprop_decay=-0.000100
quickprop_mu=1.750000
rprop_increase_factor=1.200000
rprop_decrease_factor=0.500000
rprop_delta_min=0.000000
rprop_delta_max=50.000000
rprop_delta_zero=0.100000
cascade_output_stagnation_epochs=12
cascade_candidate_change_fraction=0.010000
cascade_candidate_stagnation_epochs=12
cascade_max_out_epochs=150
cascade_max_cand_epochs=150
cascade_num_candidate_groups=2
bit_fail_limit=3.49999999999999980000e-001
cascade_candidate_limit=1.00000000000000000000e+003
cascade_weight_multiplier=4.00000000000000020000e-001
cascade_activation_functions_count=10
cascade_activation_functions=3 5 7 8 10 11 14 15 16 17 
cascade_activation_steepnesses_count=4
cascade_activation_steepnesses=2.50000000000000000000e-001 5.00000000000000000000e-001 7.50000000000000000000e-001 1.00000000000000000000e+000 
layer_sizes=9 4 6 
scale_included=0
neurons (num_inputs, activation_function, activation_steepness)=(0, 0, 0.00000000000000000000e+000) (0, 0, 0.00000000000000000000e+000) (0, 0, 0.00000000000000000000e+000) (0, 0, 0.00000000000000000000e+000) (0, 0, 0.00000000000000000000e+000) (0, 0, 0.00000000000000000000e+000) (0, 0, 0.00000000000000000000e+000) (0, 0, 0.00000000000000000000e+000) (0, 0, 0.00000000000000000000e+000) (9, 6, 5.00000000000000000000e-001) (9, 6, 5.00000000000000000000e-001) (9, 6, 5.00000000000000000000e-001) (0, 6, 0.00000000000000000000e+000) (4, 6, 5.00000000000000000000e-001) (4, 6, 5.00000000000000000000e-001) (4, 6, 5.00000000000000000000e-001) (4, 6, 5.00000000000000000000e-001) (4, 6, 5.00000000000000000000e-001) (0, 6, 0.00000000000000000000e+000) 
connections (connected_to_neuron, weight)=(0, -2.91372381936814940000e+000) (1, 1.54862285713794370000e+000) (2, -4.86293622235402360000e+000) (3, 6.72307134065868970000e+000) (4, -3.34668175468286000000e+000) (5, -1.60326421201212050000e+000) (6, 8.47350875466091220000e+000) (7, 1.86878865427691850000e+000) (8, 2.97761254361255110000e-001) (0, -4.67383996278696490000e+000) (1, 4.30772836533127720000e+000) (2, -4.21677155978009830000e+000) (3, 1.72634526856928750000e+000) (4, -9.76043647550013200000e+000) (5, 1.54355679281720200000e+001) (6, 5.38991721394779470000e-001) (7, 9.68289897899201500000e-001) (8, 1.03250077693891830000e+000) (0, 4.77053596388263220000e-001) (1, -2.51296708741372440000e+000) (2, -4.28638641415131700000e+000) (3, 9.38577960383876330000e+000) (4, 5.31572300766395500000e+000) (5, -1.73550632347012660000e+001) (6, 1.22013744053752330000e+001) (7, 3.97158590939613410000e+000) (8, -3.49852143604757640000e-001) (9, 2.05447510005043150000e+000) (10, -1.36912929168206810000e+000) (11, -1.12275840019982030000e+000) (12, 7.58424441109200820000e-001) (9, -2.10934810455783590000e+000) (10, 1.64205948039409040000e+000) (11, 1.09807028021479190000e+000) (12, 5.37989822476479530000e-001) (9, -8.41252686601430960000e-002) (10, 2.55958954009125830000e-001) (11, 1.95337317280987330000e-002) (12, 8.88381762148470980000e-001) (9, -2.77011021912721310000e+000) (10, 1.84151240603576880000e+000) (11, 1.69906755150093370000e+000) (12, 8.02920810120600570000e-001) (9, -2.70547900123998720000e+000) (10, 1.87319056581936880000e+000) (11, 1.74498733251242720000e+000) (12, 8.35669508681451960000e-001) 
