FANN_FLO_2.1
num_layers=3
learning_rate=0.700000
connection_rate=1.000000
network_type=0
learning_momentum=0.000000
training_algorithm=2
train_error_function=1
train_stop_function=0
cascade_output_change_fraction=0.010000
quickprop_decay=-0.000100
quickprop_mu=1.750000
rprop_increase_factor=1.200000
rprop_decrease_factor=0.500000
rprop_delta_min=0.000000
rprop_delta_max=50.000000
rprop_delta_zero=0.100000
cascade_output_stagnation_epochs=12
cascade_candidate_change_fraction=0.010000
cascade_candidate_stagnation_epochs=12
cascade_max_out_epochs=150
cascade_max_cand_epochs=150
cascade_num_candidate_groups=2
bit_fail_limit=3.49999999999999980000e-001
cascade_candidate_limit=1.00000000000000000000e+003
cascade_weight_multiplier=4.00000000000000020000e-001
cascade_activation_functions_count=10
cascade_activation_functions=3 5 7 8 10 11 14 15 16 17 
cascade_activation_steepnesses_count=4
cascade_activation_steepnesses=2.50000000000000000000e-001 5.00000000000000000000e-001 7.50000000000000000000e-001 1.00000000000000000000e+000 
layer_sizes=9 4 6 
scale_included=0
neurons (num_inputs, activation_function, activation_steepness)=(0, 0, 0.00000000000000000000e+000) (0, 0, 0.00000000000000000000e+000) (0, 0, 0.00000000000000000000e+000) (0, 0, 0.00000000000000000000e+000) (0, 0, 0.00000000000000000000e+000) (0, 0, 0.00000000000000000000e+000) (0, 0, 0.00000000000000000000e+000) (0, 0, 0.00000000000000000000e+000) (0, 0, 0.00000000000000000000e+000) (9, 6, 5.00000000000000000000e-001) (9, 6, 5.00000000000000000000e-001) (9, 6, 5.00000000000000000000e-001) (0, 6, 0.00000000000000000000e+000) (4, 6, 5.00000000000000000000e-001) (4, 6, 5.00000000000000000000e-001) (4, 6, 5.00000000000000000000e-001) (4, 6, 5.00000000000000000000e-001) (4, 6, 5.00000000000000000000e-001) (0, 6, 0.00000000000000000000e+000) 
connections (connected_to_neuron, weight)=(0, 1.50000000000000000000e+003) (1, 9.54203729457837310000e+002) (2, -1.41725072683654210000e+003) (3, -1.50000000000000000000e+003) (4, -1.50000000000000000000e+003) (5, 4.11425353601208540000e+002) (6, -1.50000000000000000000e+003) (7, -1.50000000000000000000e+003) (8, 1.50000000000000000000e+003) (0, -9.97190303720494780000e-001) (1, 1.23495649009556630000e+000) (2, -3.09399982495547840000e-001) (3, -5.45414102844164920000e-001) (4, -1.26143640824957330000e+000) (5, 2.24085624218193450000e+000) (6, -9.89020589723510370000e-001) (7, 2.30815757085645460000e+000) (8, -6.70784219625282780000e-001) (0, 6.46193452153516090000e+002) (1, -2.28022403420553470000e+002) (2, 1.50000000000000000000e+003) (3, 2.14521344855078980000e+002) (4, -1.47024853910711040000e+003) (5, 1.50000000000000000000e+003) (6, 1.50000000000000000000e+003) (7, -1.27529922764758890000e+003) (8, 1.49766528535645130000e+001) (9, -1.18807058809490590000e-001) (10, 3.13699758979647690000e-001) (11, -5.76984506668511190000e-004) (12, 7.91471466212354200000e-001) (9, 4.58509277326499260000e-001) (10, 8.04767410784492990000e-001) (11, 1.00713235189588620000e-001) (12, 5.25193708709455920000e-001) (9, 3.77184479141380420000e-001) (10, 9.22575277377078120000e-001) (11, -1.45891702682728970000e-002) (12, 9.06929390712301940000e-001) (9, 6.82761843501853700000e-002) (10, -7.39252388755478940000e-001) (11, -1.58732970052495200000e-001) (12, 8.83510037534317450000e-001) (9, 3.36845828168278960000e-001) (10, -1.41617489946410410000e-001) (11, -6.94709760742491020000e-001) (12, 1.38104628442807890000e+000) 
