FANN_FLO_2.1
num_layers=3
learning_rate=0.700000
connection_rate=1.000000
network_type=0
learning_momentum=0.000000
training_algorithm=2
train_error_function=1
train_stop_function=0
cascade_output_change_fraction=0.010000
quickprop_decay=-0.000100
quickprop_mu=1.750000
rprop_increase_factor=1.200000
rprop_decrease_factor=0.500000
rprop_delta_min=0.000000
rprop_delta_max=50.000000
rprop_delta_zero=0.100000
cascade_output_stagnation_epochs=12
cascade_candidate_change_fraction=0.010000
cascade_candidate_stagnation_epochs=12
cascade_max_out_epochs=150
cascade_max_cand_epochs=150
cascade_num_candidate_groups=2
bit_fail_limit=3.49999999999999980000e-001
cascade_candidate_limit=1.00000000000000000000e+003
cascade_weight_multiplier=4.00000000000000020000e-001
cascade_activation_functions_count=10
cascade_activation_functions=3 5 7 8 10 11 14 15 16 17 
cascade_activation_steepnesses_count=4
cascade_activation_steepnesses=2.50000000000000000000e-001 5.00000000000000000000e-001 7.50000000000000000000e-001 1.00000000000000000000e+000 
layer_sizes=9 4 6 
scale_included=0
neurons (num_inputs, activation_function, activation_steepness)=(0, 0, 0.00000000000000000000e+000) (0, 0, 0.00000000000000000000e+000) (0, 0, 0.00000000000000000000e+000) (0, 0, 0.00000000000000000000e+000) (0, 0, 0.00000000000000000000e+000) (0, 0, 0.00000000000000000000e+000) (0, 0, 0.00000000000000000000e+000) (0, 0, 0.00000000000000000000e+000) (0, 0, 0.00000000000000000000e+000) (9, 6, 5.00000000000000000000e-001) (9, 6, 5.00000000000000000000e-001) (9, 6, 5.00000000000000000000e-001) (0, 6, 0.00000000000000000000e+000) (4, 6, 5.00000000000000000000e-001) (4, 6, 5.00000000000000000000e-001) (4, 6, 5.00000000000000000000e-001) (4, 6, 5.00000000000000000000e-001) (4, 6, 5.00000000000000000000e-001) (0, 6, 0.00000000000000000000e+000) 
connections (connected_to_neuron, weight)=(0, -1.17249786405768240000e+000) (1, -1.59909671132550970000e+000) (2, -1.19880422238231390000e+000) (3, -5.15396704899713230000e+000) (4, 2.82077454138156060000e+000) (5, 1.30009787239816440000e+001) (6, -2.23795274705895260000e+001) (7, 7.58685502108442300000e+000) (8, -5.01466878410196770000e-001) (0, 1.59693619089153220000e-001) (1, -5.44656158655668960000e-001) (2, -1.91456519320425430000e-001) (3, -1.56411319545899000000e+000) (4, 1.34670052771281810000e+000) (5, 1.98793778397921920000e+000) (6, -2.66105843959588160000e+000) (7, 1.90426353707924160000e-001) (8, -1.83387980571825510000e-001) (0, -7.03317231446265900000e+000) (1, 3.95730126113114310000e+000) (2, 2.72077382552767200000e-001) (3, -7.53224187938916680000e+000) (4, -1.08871790079158880000e+001) (5, 3.05975559694871220000e+001) (6, -3.53023542419968660000e+001) (7, 1.44464029945760060000e+001) (8, -4.95208469964334430000e-001) (9, -1.21250883893547500000e-001) (10, -6.40521186258455440000e-001) (11, 1.38204013123005040000e-001) (12, 5.31697703752501470000e-001) (9, -2.36052007274769910000e-001) (10, 9.49817173229710820000e-001) (11, 3.01343337306972710000e-001) (12, 9.57695998708001820000e-001) (9, 2.77969226542807590000e-001) (10, -1.95383803205331350000e+000) (11, 1.12363643065760970000e-001) (12, 9.33414825049639910000e-001) (9, -9.87342379034780900000e-003) (10, 8.69791523825151570000e-001) (11, -9.34456895816090790000e-002) (12, 1.06708783018563060000e+000) (9, 1.74676277121946420000e+000) (10, -3.00159075892887420000e+000) (11, -8.27434567017246270000e-001) (12, 1.03506375518396520000e+000) 
