FANN_FLO_2.1
num_layers=3
learning_rate=0.700000
connection_rate=1.000000
network_type=0
learning_momentum=0.000000
training_algorithm=2
train_error_function=1
train_stop_function=0
cascade_output_change_fraction=0.010000
quickprop_decay=-0.000100
quickprop_mu=1.750000
rprop_increase_factor=1.200000
rprop_decrease_factor=0.500000
rprop_delta_min=0.000000
rprop_delta_max=50.000000
rprop_delta_zero=0.100000
cascade_output_stagnation_epochs=12
cascade_candidate_change_fraction=0.010000
cascade_candidate_stagnation_epochs=12
cascade_max_out_epochs=150
cascade_max_cand_epochs=150
cascade_num_candidate_groups=2
bit_fail_limit=3.49999999999999980000e-001
cascade_candidate_limit=1.00000000000000000000e+003
cascade_weight_multiplier=4.00000000000000020000e-001
cascade_activation_functions_count=10
cascade_activation_functions=3 5 7 8 10 11 14 15 16 17 
cascade_activation_steepnesses_count=4
cascade_activation_steepnesses=2.50000000000000000000e-001 5.00000000000000000000e-001 7.50000000000000000000e-001 1.00000000000000000000e+000 
layer_sizes=9 4 6 
scale_included=0
neurons (num_inputs, activation_function, activation_steepness)=(0, 0, 0.00000000000000000000e+000) (0, 0, 0.00000000000000000000e+000) (0, 0, 0.00000000000000000000e+000) (0, 0, 0.00000000000000000000e+000) (0, 0, 0.00000000000000000000e+000) (0, 0, 0.00000000000000000000e+000) (0, 0, 0.00000000000000000000e+000) (0, 0, 0.00000000000000000000e+000) (0, 0, 0.00000000000000000000e+000) (9, 6, 5.00000000000000000000e-001) (9, 6, 5.00000000000000000000e-001) (9, 6, 5.00000000000000000000e-001) (0, 6, 0.00000000000000000000e+000) (4, 6, 5.00000000000000000000e-001) (4, 6, 5.00000000000000000000e-001) (4, 6, 5.00000000000000000000e-001) (4, 6, 5.00000000000000000000e-001) (4, 6, 5.00000000000000000000e-001) (0, 6, 0.00000000000000000000e+000) 
connections (connected_to_neuron, weight)=(0, -7.54951141575332760000e+000) (1, 2.44309761748417250000e+000) (2, 4.36306513332628820000e-001) (3, 1.36016341767476780000e+001) (4, -1.60509080494984250000e-001) (5, -4.38663628616437150000e+000) (6, 3.68942807264377420000e+001) (7, -1.67591675313999810000e+001) (8, -2.83611949618517120000e+000) (0, -5.52006790161668650000e-001) (1, 5.40274536375432770000e-001) (2, -3.20858353378517590000e-001) (3, 6.53697693505927990000e-001) (4, -1.20965725683983920000e+000) (5, 1.00177806070499860000e+000) (6, 6.47725614546725060000e-001) (7, 5.64976276035671350000e-001) (8, -2.14213758954610730000e-002) (0, 5.58472767538932050000e+000) (1, -9.29923498955811030000e+000) (2, 4.69461745147149400000e+000) (3, 2.30999487976054230000e+000) (4, 2.69481393752950350000e+001) (5, -3.19620053706562220000e+001) (6, 1.34478678873227560000e+001) (7, -1.37758358055807070000e+001) (8, -8.33409456560023190000e-001) (9, 1.34465568425005260000e-001) (10, 4.52799412494038430000e-001) (11, 2.12647655290759650000e-002) (12, 6.89625144874064010000e-001) (9, 1.16849748083632280000e-001) (10, -2.22775079420020950000e+000) (11, -3.28606858241917320000e-001) (12, 8.16093670135624730000e-001) (9, -1.16898476613080500000e-001) (10, 1.76058602894547160000e+000) (11, -1.09046604228007230000e-002) (12, 9.03100256316633710000e-001) (9, 2.11089286104933580000e-001) (10, -3.39140398215864280000e+000) (11, -1.84533690881289760000e-001) (12, 1.11341116770466960000e+000) (9, -5.86014477993281550000e-001) (10, 4.61661591601401970000e+000) (11, 4.43011493954920340000e-001) (12, 7.73693302098746650000e-001) 
