FANN_FLO_2.1
num_layers=3
learning_rate=0.700000
connection_rate=1.000000
network_type=0
learning_momentum=0.000000
training_algorithm=2
train_error_function=1
train_stop_function=0
cascade_output_change_fraction=0.010000
quickprop_decay=-0.000100
quickprop_mu=1.750000
rprop_increase_factor=1.200000
rprop_decrease_factor=0.500000
rprop_delta_min=0.000000
rprop_delta_max=50.000000
rprop_delta_zero=0.100000
cascade_output_stagnation_epochs=12
cascade_candidate_change_fraction=0.010000
cascade_candidate_stagnation_epochs=12
cascade_max_out_epochs=150
cascade_max_cand_epochs=150
cascade_num_candidate_groups=2
bit_fail_limit=3.49999999999999980000e-001
cascade_candidate_limit=1.00000000000000000000e+003
cascade_weight_multiplier=4.00000000000000020000e-001
cascade_activation_functions_count=10
cascade_activation_functions=3 5 7 8 10 11 14 15 16 17 
cascade_activation_steepnesses_count=4
cascade_activation_steepnesses=2.50000000000000000000e-001 5.00000000000000000000e-001 7.50000000000000000000e-001 1.00000000000000000000e+000 
layer_sizes=9 4 6 
scale_included=0
neurons (num_inputs, activation_function, activation_steepness)=(0, 0, 0.00000000000000000000e+000) (0, 0, 0.00000000000000000000e+000) (0, 0, 0.00000000000000000000e+000) (0, 0, 0.00000000000000000000e+000) (0, 0, 0.00000000000000000000e+000) (0, 0, 0.00000000000000000000e+000) (0, 0, 0.00000000000000000000e+000) (0, 0, 0.00000000000000000000e+000) (0, 0, 0.00000000000000000000e+000) (9, 6, 5.00000000000000000000e-001) (9, 6, 5.00000000000000000000e-001) (9, 6, 5.00000000000000000000e-001) (0, 6, 0.00000000000000000000e+000) (4, 6, 5.00000000000000000000e-001) (4, 6, 5.00000000000000000000e-001) (4, 6, 5.00000000000000000000e-001) (4, 6, 5.00000000000000000000e-001) (4, 6, 5.00000000000000000000e-001) (0, 6, 0.00000000000000000000e+000) 
connections (connected_to_neuron, weight)=(0, 4.66440369738006670000e+000) (1, -3.84305950878105310000e+000) (2, 2.54275697014671120000e+000) (3, -2.56225374417969490000e+000) (4, 1.26900621376160830000e+001) (5, -1.91186165369766310000e+001) (6, 8.24238315881541280000e-001) (7, 1.13042776878370780000e-001) (8, -9.86448290031128440000e-001) (0, 2.48181246647010360000e+000) (1, -3.44248180731218060000e+000) (2, -2.07148016850771020000e+000) (3, -1.36286360865574150000e+000) (4, 7.09721579508187880000e+000) (5, -3.71253399456297780000e+000) (6, -8.77478814665125920000e+000) (7, 1.77810388259881070000e+000) (8, -4.08535801278681120000e-002) (0, -4.06234669886226970000e-001) (1, -9.61723527022308230000e-001) (2, -2.84990728880030900000e+000) (3, 5.67156206014288400000e-001) (4, -1.12546524676646250000e-001) (5, 4.39659476131206880000e+000) (6, -7.25404853046221290000e+000) (7, 1.78966159929096170000e+000) (8, 4.28476508381268720000e-001) (9, 1.17460427312226720000e+000) (10, -1.92087075648728240000e+000) (11, 2.01197499661687650000e+000) (12, 6.62314769930682950000e-001) (9, -1.74798820617931040000e+000) (10, 2.43153405700254500000e+000) (11, -2.59252527976689340000e+000) (12, 6.20615572030171480000e-001) (9, -1.73979179697921450000e-001) (10, -4.83112573528255500000e-002) (11, 4.41794442966992750000e-002) (12, 9.02764781441206530000e-001) (9, -1.58043476415316910000e+000) (10, 2.59749928586916390000e+000) (11, -2.92370074556304930000e+000) (12, 9.40362309409312200000e-001) (9, -5.26567861696946650000e-002) (10, 2.77931144004396610000e-001) (11, 9.43293120427012720000e-003) (12, 1.06420991782386780000e+000) 
