FANN_FLO_2.1
num_layers=3
learning_rate=0.700000
connection_rate=1.000000
network_type=0
learning_momentum=0.000000
training_algorithm=2
train_error_function=1
train_stop_function=0
cascade_output_change_fraction=0.010000
quickprop_decay=-0.000100
quickprop_mu=1.750000
rprop_increase_factor=1.200000
rprop_decrease_factor=0.500000
rprop_delta_min=0.000000
rprop_delta_max=50.000000
rprop_delta_zero=0.100000
cascade_output_stagnation_epochs=12
cascade_candidate_change_fraction=0.010000
cascade_candidate_stagnation_epochs=12
cascade_max_out_epochs=150
cascade_max_cand_epochs=150
cascade_num_candidate_groups=2
bit_fail_limit=3.49999999999999980000e-001
cascade_candidate_limit=1.00000000000000000000e+003
cascade_weight_multiplier=4.00000000000000020000e-001
cascade_activation_functions_count=10
cascade_activation_functions=3 5 7 8 10 11 14 15 16 17 
cascade_activation_steepnesses_count=4
cascade_activation_steepnesses=2.50000000000000000000e-001 5.00000000000000000000e-001 7.50000000000000000000e-001 1.00000000000000000000e+000 
layer_sizes=9 4 6 
scale_included=0
neurons (num_inputs, activation_function, activation_steepness)=(0, 0, 0.00000000000000000000e+000) (0, 0, 0.00000000000000000000e+000) (0, 0, 0.00000000000000000000e+000) (0, 0, 0.00000000000000000000e+000) (0, 0, 0.00000000000000000000e+000) (0, 0, 0.00000000000000000000e+000) (0, 0, 0.00000000000000000000e+000) (0, 0, 0.00000000000000000000e+000) (0, 0, 0.00000000000000000000e+000) (9, 6, 5.00000000000000000000e-001) (9, 6, 5.00000000000000000000e-001) (9, 6, 5.00000000000000000000e-001) (0, 6, 0.00000000000000000000e+000) (4, 6, 5.00000000000000000000e-001) (4, 6, 5.00000000000000000000e-001) (4, 6, 5.00000000000000000000e-001) (4, 6, 5.00000000000000000000e-001) (4, 6, 5.00000000000000000000e-001) (0, 6, 0.00000000000000000000e+000) 
connections (connected_to_neuron, weight)=(0, 6.59087579642638930000e+000) (1, -7.55153828531939640000e+000) (2, 4.06009725315770180000e+000) (3, -4.12500091748019580000e+000) (4, 2.01607368645870190000e+001) (5, -2.20730791587625920000e+001) (6, 4.94020673906295470000e+000) (7, -8.79860555512671640000e+000) (8, -1.63653865599212690000e-001) (0, -5.15210994395792540000e-001) (1, 1.34396558309357680000e+000) (2, -1.27741645136399740000e+000) (3, -1.00982055603392880000e+000) (4, -1.46961971134062150000e+000) (5, 4.85248626390862010000e+000) (6, -3.89302849351270370000e+000) (7, 2.47107269793930940000e+000) (8, 1.02922683489091930000e+000) (0, 5.03158206856437530000e-001) (1, -5.17006171556760320000e-001) (2, 4.32249673482515250000e-001) (3, -6.31979240427510190000e-001) (4, 1.26632741839768450000e+000) (5, -1.13158558792552060000e+000) (6, 4.74968193458295500000e-001) (7, -1.12299501904808640000e+000) (8, -2.02511642199131110000e-002) (9, -8.50799243659821760000e-002) (10, -9.92863886230720970000e-001) (11, -9.59299760438939390000e-001) (12, 1.02301350799968540000e+000) (9, -3.40960790014448730000e-001) (10, 9.53525097874208800000e-001) (11, 3.06256332048398640000e+000) (12, 4.04146142358007110000e-001) (9, -1.85021593126405390000e-002) (10, -1.38081512924234370000e-001) (11, -1.70136691138970280000e+000) (12, 1.03773606917759050000e+000) (9, -2.05933293639827710000e-001) (10, 2.76660883134697830000e-002) (11, 3.15058860466165140000e+000) (12, 1.02483269757424680000e+000) (9, 4.93014985777549260000e-001) (10, 8.14688569880736790000e-001) (11, -2.85312332982938030000e+000) (12, 6.96848710391596680000e-001) 
