FANN_FLO_2.1
num_layers=3
learning_rate=0.700000
connection_rate=1.000000
network_type=0
learning_momentum=0.000000
training_algorithm=2
train_error_function=1
train_stop_function=0
cascade_output_change_fraction=0.010000
quickprop_decay=-0.000100
quickprop_mu=1.750000
rprop_increase_factor=1.200000
rprop_decrease_factor=0.500000
rprop_delta_min=0.000000
rprop_delta_max=50.000000
rprop_delta_zero=0.100000
cascade_output_stagnation_epochs=12
cascade_candidate_change_fraction=0.010000
cascade_candidate_stagnation_epochs=12
cascade_max_out_epochs=150
cascade_max_cand_epochs=150
cascade_num_candidate_groups=2
bit_fail_limit=3.49999999999999980000e-001
cascade_candidate_limit=1.00000000000000000000e+003
cascade_weight_multiplier=4.00000000000000020000e-001
cascade_activation_functions_count=10
cascade_activation_functions=3 5 7 8 10 11 14 15 16 17 
cascade_activation_steepnesses_count=4
cascade_activation_steepnesses=2.50000000000000000000e-001 5.00000000000000000000e-001 7.50000000000000000000e-001 1.00000000000000000000e+000 
layer_sizes=9 4 6 
scale_included=0
neurons (num_inputs, activation_function, activation_steepness)=(0, 0, 0.00000000000000000000e+000) (0, 0, 0.00000000000000000000e+000) (0, 0, 0.00000000000000000000e+000) (0, 0, 0.00000000000000000000e+000) (0, 0, 0.00000000000000000000e+000) (0, 0, 0.00000000000000000000e+000) (0, 0, 0.00000000000000000000e+000) (0, 0, 0.00000000000000000000e+000) (0, 0, 0.00000000000000000000e+000) (9, 6, 5.00000000000000000000e-001) (9, 6, 5.00000000000000000000e-001) (9, 6, 5.00000000000000000000e-001) (0, 6, 0.00000000000000000000e+000) (4, 6, 5.00000000000000000000e-001) (4, 6, 5.00000000000000000000e-001) (4, 6, 5.00000000000000000000e-001) (4, 6, 5.00000000000000000000e-001) (4, 6, 5.00000000000000000000e-001) (0, 6, 0.00000000000000000000e+000) 
connections (connected_to_neuron, weight)=(0, -4.24451774769492640000e-001) (1, 5.91202986904267310000e-001) (2, -2.39013984346013790000e-001) (3, 3.90026493432727110000e-001) (4, -1.01192597670747060000e+000) (5, 1.06037488576244950000e+000) (6, -5.70047319453992450000e-001) (7, 7.86717475184898210000e-001) (8, -7.84055513818699980000e-002) (0, 1.09286378138265180000e+000) (1, -2.28294056698691610000e+000) (2, 8.79502723694932760000e-001) (3, 7.68069996414973090000e-001) (4, 3.33400741609826620000e+000) (5, -5.53771923089758640000e+000) (6, 4.28464870070018660000e+000) (7, -3.10820107829812290000e+000) (8, 4.08368891007244770000e-001) (0, 7.42338222917773560000e+000) (1, -7.13761700222598260000e+000) (2, 7.14177536053343330000e-001) (3, -7.01014386052697700000e+000) (4, 1.32819062916086210000e+001) (5, -1.14797786502994280000e+001) (6, -5.49053435428201020000e+000) (7, 1.57377289360621630000e+000) (8, 7.19993614374132780000e-001) (9, 1.62812014176159160000e+000) (10, 8.56128207047375690000e-001) (11, -1.73849584959368890000e-001) (12, 5.21417931866542060000e-001) (9, -5.80008659716596850000e+000) (10, -1.85758277141627000000e+000) (11, -2.72098348505042160000e-001) (12, 1.07615561627889300000e+000) (9, 3.21640116450382200000e+000) (10, 2.44073451918760790000e-001) (11, 5.98378325430325640000e-002) (12, 1.03745531564723900000e+000) (9, -4.31971152752941730000e+000) (10, -6.59198398181491290000e-001) (11, -1.17405280493629180000e-001) (12, 1.03165410941796590000e+000) (9, 5.94308555683934260000e+000) (10, 8.11186608818807000000e-001) (11, 5.72699826069159150000e-001) (12, 9.49246990661835150000e-001) 
