FANN_FLO_2.1
num_layers=3
learning_rate=0.700000
connection_rate=1.000000
network_type=0
learning_momentum=0.000000
training_algorithm=2
train_error_function=1
train_stop_function=0
cascade_output_change_fraction=0.010000
quickprop_decay=-0.000100
quickprop_mu=1.750000
rprop_increase_factor=1.200000
rprop_decrease_factor=0.500000
rprop_delta_min=0.000000
rprop_delta_max=50.000000
rprop_delta_zero=0.100000
cascade_output_stagnation_epochs=12
cascade_candidate_change_fraction=0.010000
cascade_candidate_stagnation_epochs=12
cascade_max_out_epochs=150
cascade_max_cand_epochs=150
cascade_num_candidate_groups=2
bit_fail_limit=3.49999999999999980000e-001
cascade_candidate_limit=1.00000000000000000000e+003
cascade_weight_multiplier=4.00000000000000020000e-001
cascade_activation_functions_count=10
cascade_activation_functions=3 5 7 8 10 11 14 15 16 17 
cascade_activation_steepnesses_count=4
cascade_activation_steepnesses=2.50000000000000000000e-001 5.00000000000000000000e-001 7.50000000000000000000e-001 1.00000000000000000000e+000 
layer_sizes=9 4 6 
scale_included=0
neurons (num_inputs, activation_function, activation_steepness)=(0, 0, 0.00000000000000000000e+000) (0, 0, 0.00000000000000000000e+000) (0, 0, 0.00000000000000000000e+000) (0, 0, 0.00000000000000000000e+000) (0, 0, 0.00000000000000000000e+000) (0, 0, 0.00000000000000000000e+000) (0, 0, 0.00000000000000000000e+000) (0, 0, 0.00000000000000000000e+000) (0, 0, 0.00000000000000000000e+000) (9, 6, 5.00000000000000000000e-001) (9, 6, 5.00000000000000000000e-001) (9, 6, 5.00000000000000000000e-001) (0, 6, 0.00000000000000000000e+000) (4, 6, 5.00000000000000000000e-001) (4, 6, 5.00000000000000000000e-001) (4, 6, 5.00000000000000000000e-001) (4, 6, 5.00000000000000000000e-001) (4, 6, 5.00000000000000000000e-001) (0, 6, 0.00000000000000000000e+000) 
connections (connected_to_neuron, weight)=(0, -1.20821241736889970000e+000) (1, 1.10333815406811380000e+000) (2, -1.45903978292006940000e+000) (3, -4.05688688782975480000e-001) (4, -2.74159588391466120000e+000) (5, 5.44468042602950140000e+000) (6, -3.44517064545912750000e+000) (7, 3.48379921141815660000e+000) (8, 1.06934362377076160000e+000) (0, -9.49178372086676660000e-001) (1, 5.30219030198874840000e-001) (2, -5.67334763654193770000e-001) (3, 7.36294350255794480000e-001) (4, -2.16601107248497060000e+000) (5, 2.10311914087760380000e+000) (6, -4.39524567759067730000e-001) (7, 1.37074513339687560000e+000) (8, 2.55777643439960680000e-001) (0, -6.73435341680494480000e+000) (1, 5.11508819528775850000e+000) (2, -4.59625628682387250000e+000) (3, 3.24281246021258120000e+000) (4, -2.11415759754610270000e+001) (5, 2.83741740407470570000e+001) (6, -6.75126780666824010000e+000) (7, 7.67482459778445230000e+000) (8, 1.08145187864599860000e+000) (9, -9.52618404088938390000e-001) (10, 2.08801897979227170000e+000) (11, -9.33164474540949390000e-002) (12, 8.35853985649891110000e-001) (9, 7.80254968083985640000e-001) (10, -2.93516717644593190000e+000) (11, 4.49546516410576640000e-001) (12, 5.98157149812973740000e-001) (9, -3.06798858527983500000e-001) (10, 1.02645472718372570000e+000) (11, 5.16927769761381040000e-002) (12, 9.98655457448155650000e-001) (9, -3.68737677878523910000e-001) (10, -3.02894866032520270000e+000) (11, 4.98269997784104470000e-001) (12, 1.31573547354874320000e+000) (9, 1.38580583974631910000e+000) (10, 2.74481000861081400000e-001) (11, -4.21982228493533450000e-001) (12, 5.69375333806303010000e-001) 
