FANN_FLO_2.1
num_layers=3
learning_rate=0.700000
connection_rate=1.000000
network_type=0
learning_momentum=0.000000
training_algorithm=2
train_error_function=1
train_stop_function=0
cascade_output_change_fraction=0.010000
quickprop_decay=-0.000100
quickprop_mu=1.750000
rprop_increase_factor=1.200000
rprop_decrease_factor=0.500000
rprop_delta_min=0.000000
rprop_delta_max=50.000000
rprop_delta_zero=0.100000
cascade_output_stagnation_epochs=12
cascade_candidate_change_fraction=0.010000
cascade_candidate_stagnation_epochs=12
cascade_max_out_epochs=150
cascade_max_cand_epochs=150
cascade_num_candidate_groups=2
bit_fail_limit=3.49999999999999980000e-001
cascade_candidate_limit=1.00000000000000000000e+003
cascade_weight_multiplier=4.00000000000000020000e-001
cascade_activation_functions_count=10
cascade_activation_functions=3 5 7 8 10 11 14 15 16 17 
cascade_activation_steepnesses_count=4
cascade_activation_steepnesses=2.50000000000000000000e-001 5.00000000000000000000e-001 7.50000000000000000000e-001 1.00000000000000000000e+000 
layer_sizes=9 4 6 
scale_included=0
neurons (num_inputs, activation_function, activation_steepness)=(0, 0, 0.00000000000000000000e+000) (0, 0, 0.00000000000000000000e+000) (0, 0, 0.00000000000000000000e+000) (0, 0, 0.00000000000000000000e+000) (0, 0, 0.00000000000000000000e+000) (0, 0, 0.00000000000000000000e+000) (0, 0, 0.00000000000000000000e+000) (0, 0, 0.00000000000000000000e+000) (0, 0, 0.00000000000000000000e+000) (9, 6, 5.00000000000000000000e-001) (9, 6, 5.00000000000000000000e-001) (9, 6, 5.00000000000000000000e-001) (0, 6, 0.00000000000000000000e+000) (4, 6, 5.00000000000000000000e-001) (4, 6, 5.00000000000000000000e-001) (4, 6, 5.00000000000000000000e-001) (4, 6, 5.00000000000000000000e-001) (4, 6, 5.00000000000000000000e-001) (0, 6, 0.00000000000000000000e+000) 
connections (connected_to_neuron, weight)=(0, 1.50000000000000000000e+003) (1, -7.47846555862125800000e+002) (2, -3.33749358146173170000e+002) (3, 3.22459776151075520000e+002) (4, 1.09111600321264400000e+003) (5, -1.23586653776961590000e+003) (6, 3.02125854524949600000e+002) (7, 1.15882286787566520000e+003) (8, -1.39593273973508720000e+001) (0, 1.70070091994375970000e+001) (1, 2.10539225119137030000e+002) (2, -3.54305927040993250000e+002) (3, 2.52978951888616790000e+002) (4, -2.41858920476163600000e+001) (5, -3.02617103990306300000e+002) (6, 7.64387244898455830000e+001) (7, 2.15219456220823620000e+002) (8, -2.71433607854666300000e+001) (0, -2.66597736352414440000e+000) (1, -3.37800520278752150000e+001) (2, 7.18045734409709410000e+001) (3, -5.77014123251273080000e+001) (4, 6.54795947504666030000e+000) (5, 9.71114844647157160000e+001) (6, -2.48314445840462850000e+001) (7, -5.43887358115806450000e+001) (8, 6.38493545629870860000e+000) (9, -2.38198202199068760000e-002) (10, -4.04529263284069740000e-001) (11, -9.41061684672304330000e-001) (12, 1.11362445118063500000e+000) (9, -3.37980452300286410000e-002) (10, 4.22361414926021580000e-001) (11, 7.90218609337491000000e-001) (12, 4.76056476514522150000e-001) (9, -6.33889865621710540000e-002) (10, 5.25428658493896970000e-001) (11, 6.86777331523388050000e-001) (12, 8.42072848098877280000e-001) (9, 5.57918659362589000000e-002) (10, 2.85512507178957320000e-001) (11, 5.83321471586660700000e-001) (12, 7.10042044878590460000e-001) (9, 3.44729279636516030000e-002) (10, 2.55772190678112240000e-001) (11, 3.54574166248401050000e-001) (12, 9.59710798186056090000e-001) 
