FANN_FLO_2.1
num_layers=3
learning_rate=0.700000
connection_rate=1.000000
network_type=0
learning_momentum=0.000000
training_algorithm=2
train_error_function=1
train_stop_function=0
cascade_output_change_fraction=0.010000
quickprop_decay=-0.000100
quickprop_mu=1.750000
rprop_increase_factor=1.200000
rprop_decrease_factor=0.500000
rprop_delta_min=0.000000
rprop_delta_max=50.000000
rprop_delta_zero=0.100000
cascade_output_stagnation_epochs=12
cascade_candidate_change_fraction=0.010000
cascade_candidate_stagnation_epochs=12
cascade_max_out_epochs=150
cascade_max_cand_epochs=150
cascade_num_candidate_groups=2
bit_fail_limit=3.49999999999999980000e-001
cascade_candidate_limit=1.00000000000000000000e+003
cascade_weight_multiplier=4.00000000000000020000e-001
cascade_activation_functions_count=10
cascade_activation_functions=3 5 7 8 10 11 14 15 16 17 
cascade_activation_steepnesses_count=4
cascade_activation_steepnesses=2.50000000000000000000e-001 5.00000000000000000000e-001 7.50000000000000000000e-001 1.00000000000000000000e+000 
layer_sizes=9 4 6 
scale_included=0
neurons (num_inputs, activation_function, activation_steepness)=(0, 0, 0.00000000000000000000e+000) (0, 0, 0.00000000000000000000e+000) (0, 0, 0.00000000000000000000e+000) (0, 0, 0.00000000000000000000e+000) (0, 0, 0.00000000000000000000e+000) (0, 0, 0.00000000000000000000e+000) (0, 0, 0.00000000000000000000e+000) (0, 0, 0.00000000000000000000e+000) (0, 0, 0.00000000000000000000e+000) (9, 6, 5.00000000000000000000e-001) (9, 6, 5.00000000000000000000e-001) (9, 6, 5.00000000000000000000e-001) (0, 6, 0.00000000000000000000e+000) (4, 6, 5.00000000000000000000e-001) (4, 6, 5.00000000000000000000e-001) (4, 6, 5.00000000000000000000e-001) (4, 6, 5.00000000000000000000e-001) (4, 6, 5.00000000000000000000e-001) (0, 6, 0.00000000000000000000e+000) 
connections (connected_to_neuron, weight)=(0, -4.80799402056468090000e-001) (1, 3.29433536358470220000e-001) (2, -2.64284395157673880000e-001) (3, 1.03793792895876380000e+000) (4, -1.17726745567995740000e+000) (5, 4.56340489127057550000e-001) (6, 1.88656943568921630000e-001) (7, 7.53633726857728890000e-001) (8, 2.01233323479302090000e-001) (0, -6.51396438693261000000e+000) (1, 7.29799161971117720000e+000) (2, -3.92399263916326870000e+000) (3, 5.84798028546560290000e+000) (4, -1.93801191544087530000e+001) (5, 2.07503260129197180000e+001) (6, -4.46475164597013750000e+000) (7, 8.21675233422165970000e+000) (8, 2.02469074847661220000e-001) (0, -3.81200447323763240000e-001) (1, 7.37520101083447340000e-001) (2, -6.14533436321498590000e-001) (3, -4.42765600264727400000e-002) (4, -1.00176695384379650000e+000) (5, 2.00010676697152330000e+000) (6, -1.75020123607623870000e+000) (7, 1.40935419045265360000e+000) (8, 2.70456306441215590000e-002) (9, 1.44074317414902930000e+000) (10, 7.15400925658783990000e-002) (11, -1.69486033269694710000e+000) (12, 4.52816566051652380000e-001) (9, -3.32376607011007150000e+000) (10, 3.86825101790771060000e-001) (11, 8.06424742092315520000e-001) (12, 1.10681911527511770000e+000) (9, 1.42516237538643750000e+000) (10, 9.63947100808364150000e-003) (11, 3.89185520488556700000e-001) (12, 8.52555915964239850000e-001) (9, -2.35824992613482780000e+000) (10, 2.02884709101741640000e-001) (11, -1.10879007860513280000e+000) (12, 1.23485420129139860000e+000) (9, 1.82312705203486720000e+000) (10, -4.84125857890742250000e-001) (11, 2.53259515711063400000e+000) (12, 9.17627224470226930000e-001) 
