FANN_FLO_2.1
num_layers=3
learning_rate=0.700000
connection_rate=1.000000
network_type=0
learning_momentum=0.000000
training_algorithm=2
train_error_function=1
train_stop_function=0
cascade_output_change_fraction=0.010000
quickprop_decay=-0.000100
quickprop_mu=1.750000
rprop_increase_factor=1.200000
rprop_decrease_factor=0.500000
rprop_delta_min=0.000000
rprop_delta_max=50.000000
rprop_delta_zero=0.100000
cascade_output_stagnation_epochs=12
cascade_candidate_change_fraction=0.010000
cascade_candidate_stagnation_epochs=12
cascade_max_out_epochs=150
cascade_max_cand_epochs=150
cascade_num_candidate_groups=2
bit_fail_limit=3.49999999999999980000e-001
cascade_candidate_limit=1.00000000000000000000e+003
cascade_weight_multiplier=4.00000000000000020000e-001
cascade_activation_functions_count=10
cascade_activation_functions=3 5 7 8 10 11 14 15 16 17 
cascade_activation_steepnesses_count=4
cascade_activation_steepnesses=2.50000000000000000000e-001 5.00000000000000000000e-001 7.50000000000000000000e-001 1.00000000000000000000e+000 
layer_sizes=9 4 6 
scale_included=0
neurons (num_inputs, activation_function, activation_steepness)=(0, 0, 0.00000000000000000000e+000) (0, 0, 0.00000000000000000000e+000) (0, 0, 0.00000000000000000000e+000) (0, 0, 0.00000000000000000000e+000) (0, 0, 0.00000000000000000000e+000) (0, 0, 0.00000000000000000000e+000) (0, 0, 0.00000000000000000000e+000) (0, 0, 0.00000000000000000000e+000) (0, 0, 0.00000000000000000000e+000) (9, 6, 5.00000000000000000000e-001) (9, 6, 5.00000000000000000000e-001) (9, 6, 5.00000000000000000000e-001) (0, 6, 0.00000000000000000000e+000) (4, 6, 5.00000000000000000000e-001) (4, 6, 5.00000000000000000000e-001) (4, 6, 5.00000000000000000000e-001) (4, 6, 5.00000000000000000000e-001) (4, 6, 5.00000000000000000000e-001) (0, 6, 0.00000000000000000000e+000) 
connections (connected_to_neuron, weight)=(0, 1.89225598671497090000e+000) (1, -7.84708381340340160000e-001) (2, 8.51715774332123200000e-001) (3, -9.09035044204965950000e-001) (4, 4.25444582163202870000e+000) (5, -5.04589409584531450000e+000) (6, 3.40751720380681360000e-001) (7, -1.11011135918761020000e+000) (8, -4.55429445893884230000e-001) (0, -5.04436934493981060000e+000) (1, 2.24375327836251250000e+000) (2, -3.33226329269624480000e+000) (3, 1.24720108735327200000e+000) (4, -1.41265480642524860000e+001) (5, 2.30569592267028550000e+001) (6, -4.66886898737056550000e+000) (7, 3.01134003991115980000e+000) (8, 1.36548302901967870000e+000) (0, -3.89681326613821220000e+000) (1, 2.02684664467064830000e+000) (2, -1.72867164027428540000e+000) (3, 1.06248746215534240000e+000) (4, -9.68429336302567020000e+000) (5, 1.31966935762158060000e+001) (6, -9.74170535202226410000e-001) (7, 1.00738148377119810000e+000) (8, 7.86324486408104370000e-001) (9, -1.13537745471531080000e+000) (10, -1.07936394325272780000e+000) (11, 7.76906702452278110000e-001) (12, 6.73996222603600260000e-001) (9, 3.26172046944637820000e+000) (10, 2.09988872891882870000e-001) (11, 1.61723239922946260000e+000) (12, 8.21925956216874250000e-001) (9, -4.56083161340114170000e-001) (10, 9.49715927862431890000e-002) (11, -1.18957078037336890000e-001) (12, 8.88955729406464390000e-001) (9, 3.04151273587441740000e+000) (10, 8.01333510445929150000e-001) (11, 4.52235240512592510000e-001) (12, 1.03538494501019930000e+000) (9, -2.06398047047667040000e+000) (10, 1.36521299941338860000e+000) (11, -2.76161867324480380000e+000) (12, 8.64269388945472120000e-001) 
