FANN_FLO_2.1
num_layers=3
learning_rate=0.700000
connection_rate=1.000000
network_type=0
learning_momentum=0.000000
training_algorithm=2
train_error_function=1
train_stop_function=0
cascade_output_change_fraction=0.010000
quickprop_decay=-0.000100
quickprop_mu=1.750000
rprop_increase_factor=1.200000
rprop_decrease_factor=0.500000
rprop_delta_min=0.000000
rprop_delta_max=50.000000
rprop_delta_zero=0.100000
cascade_output_stagnation_epochs=12
cascade_candidate_change_fraction=0.010000
cascade_candidate_stagnation_epochs=12
cascade_max_out_epochs=150
cascade_max_cand_epochs=150
cascade_num_candidate_groups=2
bit_fail_limit=3.49999999999999980000e-001
cascade_candidate_limit=1.00000000000000000000e+003
cascade_weight_multiplier=4.00000000000000020000e-001
cascade_activation_functions_count=10
cascade_activation_functions=3 5 7 8 10 11 14 15 16 17 
cascade_activation_steepnesses_count=4
cascade_activation_steepnesses=2.50000000000000000000e-001 5.00000000000000000000e-001 7.50000000000000000000e-001 1.00000000000000000000e+000 
layer_sizes=9 4 6 
scale_included=0
neurons (num_inputs, activation_function, activation_steepness)=(0, 0, 0.00000000000000000000e+000) (0, 0, 0.00000000000000000000e+000) (0, 0, 0.00000000000000000000e+000) (0, 0, 0.00000000000000000000e+000) (0, 0, 0.00000000000000000000e+000) (0, 0, 0.00000000000000000000e+000) (0, 0, 0.00000000000000000000e+000) (0, 0, 0.00000000000000000000e+000) (0, 0, 0.00000000000000000000e+000) (9, 6, 5.00000000000000000000e-001) (9, 6, 5.00000000000000000000e-001) (9, 6, 5.00000000000000000000e-001) (0, 6, 0.00000000000000000000e+000) (4, 6, 5.00000000000000000000e-001) (4, 6, 5.00000000000000000000e-001) (4, 6, 5.00000000000000000000e-001) (4, 6, 5.00000000000000000000e-001) (4, 6, 5.00000000000000000000e-001) (0, 6, 0.00000000000000000000e+000) 
connections (connected_to_neuron, weight)=(0, 4.77719839062460580000e+000) (1, -1.16545022676745760000e+000) (2, 3.15623776638953220000e+000) (3, -3.11138969247683010000e+000) (4, 1.21094798116970350000e+001) (5, -2.19344233438005740000e+001) (6, 3.50706980888061400000e+000) (7, -3.23733779910515020000e+000) (8, -1.06481747752190730000e+000) (0, 2.21576371371098710000e+000) (1, -4.89392583441378870000e-001) (2, 1.13081112472510780000e+000) (3, -2.88040517794568050000e+000) (4, 4.80969088091171760000e+000) (5, -5.84433425068502550000e+000) (6, 8.35506910294451650000e-002) (7, -1.22664080013504440000e+000) (8, -8.18184013677477060000e-001) (0, -1.48533111836990610000e+000) (1, 3.74110893973818750000e-001) (2, -7.38005490258366260000e-001) (3, 1.03771895530266640000e+001) (4, -4.24631378275546020000e+000) (5, -2.09712399564599880000e+000) (6, 3.73626073026441930000e+000) (7, -2.95572876945707330000e+000) (8, 1.36826970593116590000e+000) (9, 9.60032994203859680000e-001) (10, -2.23394482622745460000e+000) (11, -5.12134336405638440000e-001) (12, 4.86980653632253070000e-001) (9, -1.04336177713441860000e+000) (10, 1.73305596133667580000e+000) (11, -6.15463999486579250000e-002) (12, 1.02786210835523550000e+000) (9, -4.38416352992711920000e-001) (10, 8.10970075576202150000e-001) (11, 8.19840571735553360000e-001) (12, 6.18490676096186800000e-001) (9, -1.71467312139878450000e+000) (10, 4.25678343370626070000e+000) (11, 1.45518284658112340000e+000) (12, 9.73655914859572700000e-001) (9, 3.35916141650315500000e-002) (10, -4.99174124161712480000e-003) (11, -5.99843349711629350000e-003) (12, 1.08898854425747000000e+000) 
