FANN_FLO_2.1
num_layers=3
learning_rate=0.700000
connection_rate=1.000000
network_type=0
learning_momentum=0.000000
training_algorithm=2
train_error_function=1
train_stop_function=0
cascade_output_change_fraction=0.010000
quickprop_decay=-0.000100
quickprop_mu=1.750000
rprop_increase_factor=1.200000
rprop_decrease_factor=0.500000
rprop_delta_min=0.000000
rprop_delta_max=50.000000
rprop_delta_zero=0.100000
cascade_output_stagnation_epochs=12
cascade_candidate_change_fraction=0.010000
cascade_candidate_stagnation_epochs=12
cascade_max_out_epochs=150
cascade_max_cand_epochs=150
cascade_num_candidate_groups=2
bit_fail_limit=3.49999999999999980000e-001
cascade_candidate_limit=1.00000000000000000000e+003
cascade_weight_multiplier=4.00000000000000020000e-001
cascade_activation_functions_count=10
cascade_activation_functions=3 5 7 8 10 11 14 15 16 17 
cascade_activation_steepnesses_count=4
cascade_activation_steepnesses=2.50000000000000000000e-001 5.00000000000000000000e-001 7.50000000000000000000e-001 1.00000000000000000000e+000 
layer_sizes=9 4 6 
scale_included=0
neurons (num_inputs, activation_function, activation_steepness)=(0, 0, 0.00000000000000000000e+000) (0, 0, 0.00000000000000000000e+000) (0, 0, 0.00000000000000000000e+000) (0, 0, 0.00000000000000000000e+000) (0, 0, 0.00000000000000000000e+000) (0, 0, 0.00000000000000000000e+000) (0, 0, 0.00000000000000000000e+000) (0, 0, 0.00000000000000000000e+000) (0, 0, 0.00000000000000000000e+000) (9, 6, 5.00000000000000000000e-001) (9, 6, 5.00000000000000000000e-001) (9, 6, 5.00000000000000000000e-001) (0, 6, 0.00000000000000000000e+000) (4, 6, 5.00000000000000000000e-001) (4, 6, 5.00000000000000000000e-001) (4, 6, 5.00000000000000000000e-001) (4, 6, 5.00000000000000000000e-001) (4, 6, 5.00000000000000000000e-001) (0, 6, 0.00000000000000000000e+000) 
connections (connected_to_neuron, weight)=(0, 8.11689886360781190000e+000) (1, -2.73738043122460530000e+000) (2, 6.66120082092393770000e+000) (3, -1.49886973100103390000e+000) (4, 2.55675996229698800000e+001) (5, -5.67024626202000450000e+001) (6, 1.94165074065416190000e+001) (7, -7.67589551807753790000e+000) (8, -2.37393648470250750000e+000) (0, -1.85767326845023790000e+000) (1, 6.28841569246877840000e-001) (2, -6.17309731622881610000e-001) (3, 1.05432009224480660000e+000) (4, -4.13840965842954670000e+000) (5, 5.43477981637286510000e+000) (6, -8.01524360722785990000e-001) (7, 1.18642155576077910000e+000) (8, 2.97028612048993170000e-001) (0, 3.08427683541080540000e+000) (1, -1.31945833295021810000e+000) (2, 7.08311730034555610000e-001) (3, -1.47595611109270800000e+000) (4, 7.28335940697711680000e+000) (5, -9.29990816506894190000e+000) (6, 6.07198191158733860000e-001) (7, -8.85310041803117560000e-001) (8, -1.41702010924152910000e-001) (9, 4.07600154774656390000e-001) (10, 9.49121957803742420000e-001) (11, -2.87990263847662080000e-001) (12, 7.52198262074023740000e-001) (9, -3.84645687689348310000e-001) (10, -2.85135807333026660000e+000) (11, -1.36454696023557580000e+000) (12, 8.36359322459722890000e-001) (9, -2.15933137537030750000e-002) (10, 4.78234300709262930000e-001) (11, 5.34751617377484390000e-002) (12, 9.14970519116224730000e-001) (9, -2.86620415110532770000e-001) (10, -3.70003022352541410000e+000) (11, -1.65090308552196880000e+000) (12, 1.18877742331963750000e+000) (9, -1.57884304374787840000e-001) (10, 3.54637685908616220000e+000) (11, 2.80775219482591650000e+000) (12, 6.44951337936855550000e-001) 
