FANN_FLO_2.1
num_layers=3
learning_rate=0.700000
connection_rate=1.000000
network_type=0
learning_momentum=0.000000
training_algorithm=2
train_error_function=1
train_stop_function=0
cascade_output_change_fraction=0.010000
quickprop_decay=-0.000100
quickprop_mu=1.750000
rprop_increase_factor=1.200000
rprop_decrease_factor=0.500000
rprop_delta_min=0.000000
rprop_delta_max=50.000000
rprop_delta_zero=0.100000
cascade_output_stagnation_epochs=12
cascade_candidate_change_fraction=0.010000
cascade_candidate_stagnation_epochs=12
cascade_max_out_epochs=150
cascade_max_cand_epochs=150
cascade_num_candidate_groups=2
bit_fail_limit=3.49999999999999980000e-001
cascade_candidate_limit=1.00000000000000000000e+003
cascade_weight_multiplier=4.00000000000000020000e-001
cascade_activation_functions_count=10
cascade_activation_functions=3 5 7 8 10 11 14 15 16 17 
cascade_activation_steepnesses_count=4
cascade_activation_steepnesses=2.50000000000000000000e-001 5.00000000000000000000e-001 7.50000000000000000000e-001 1.00000000000000000000e+000 
layer_sizes=9 4 6 
scale_included=0
neurons (num_inputs, activation_function, activation_steepness)=(0, 0, 0.00000000000000000000e+000) (0, 0, 0.00000000000000000000e+000) (0, 0, 0.00000000000000000000e+000) (0, 0, 0.00000000000000000000e+000) (0, 0, 0.00000000000000000000e+000) (0, 0, 0.00000000000000000000e+000) (0, 0, 0.00000000000000000000e+000) (0, 0, 0.00000000000000000000e+000) (0, 0, 0.00000000000000000000e+000) (9, 6, 5.00000000000000000000e-001) (9, 6, 5.00000000000000000000e-001) (9, 6, 5.00000000000000000000e-001) (0, 6, 0.00000000000000000000e+000) (4, 6, 5.00000000000000000000e-001) (4, 6, 5.00000000000000000000e-001) (4, 6, 5.00000000000000000000e-001) (4, 6, 5.00000000000000000000e-001) (4, 6, 5.00000000000000000000e-001) (0, 6, 0.00000000000000000000e+000) 
connections (connected_to_neuron, weight)=(0, -7.63526836306895620000e+000) (1, 4.05910050983570160000e+000) (2, -4.13838011723608370000e+000) (3, 1.68965004230062890000e+000) (4, -1.53800266850343710000e+001) (5, 2.61950520374940510000e+001) (6, 5.77592906725095910000e+000) (7, -2.43052662827693760000e+000) (8, 1.11892248269616750000e+000) (0, 5.85591288446432840000e+000) (1, -5.20025085963089230000e+000) (2, 7.48518797097459830000e+000) (3, -9.40066279835716930000e+000) (4, 6.22144296723304000000e+000) (5, 3.65033807622854490000e+000) (6, -1.66251031356338930000e+001) (7, -1.29927971235862260000e+000) (8, -6.40411039452054800000e-001) (0, 5.01508913466556660000e-002) (1, 3.11347110146375930000e+000) (2, -8.80882569943557310000e+000) (3, 1.30871877915549480000e+001) (4, 7.89224292128217630000e+000) (5, -2.95543033534485140000e+001) (6, 1.53816249603226080000e+001) (7, 9.27697388839554190000e+000) (8, 2.81140327380211500000e-001) (9, -7.97710609778658260000e-001) (10, -1.05202213117430590000e+000) (11, -6.32648019396019110000e-001) (12, 7.49516640441727830000e-001) (9, 8.37823357006064700000e-001) (10, 8.82303212272723240000e-001) (11, 4.63949510783062400000e-001) (12, 6.23300065449580830000e-001) (9, 1.08815519374054310000e-001) (10, -3.21421975188734000000e-002) (11, -3.52805535417048470000e-002) (12, 9.32458543349652840000e-001) (9, 1.00908497890405260000e+000) (10, 1.33706567814928580000e+000) (11, 8.75845634720228920000e-001) (12, 7.96380614984183000000e-001) (9, 6.71001395685541850000e-001) (10, 8.86797201980389470000e-001) (11, 6.52689664075445600000e-001) (12, 9.08519129618989170000e-001) 
