FANN_FLO_2.1
num_layers=3
learning_rate=0.700000
connection_rate=1.000000
network_type=0
learning_momentum=0.000000
training_algorithm=2
train_error_function=1
train_stop_function=0
cascade_output_change_fraction=0.010000
quickprop_decay=-0.000100
quickprop_mu=1.750000
rprop_increase_factor=1.200000
rprop_decrease_factor=0.500000
rprop_delta_min=0.000000
rprop_delta_max=50.000000
rprop_delta_zero=0.100000
cascade_output_stagnation_epochs=12
cascade_candidate_change_fraction=0.010000
cascade_candidate_stagnation_epochs=12
cascade_max_out_epochs=150
cascade_max_cand_epochs=150
cascade_num_candidate_groups=2
bit_fail_limit=3.49999999999999980000e-001
cascade_candidate_limit=1.00000000000000000000e+003
cascade_weight_multiplier=4.00000000000000020000e-001
cascade_activation_functions_count=10
cascade_activation_functions=3 5 7 8 10 11 14 15 16 17 
cascade_activation_steepnesses_count=4
cascade_activation_steepnesses=2.50000000000000000000e-001 5.00000000000000000000e-001 7.50000000000000000000e-001 1.00000000000000000000e+000 
layer_sizes=9 4 6 
scale_included=0
neurons (num_inputs, activation_function, activation_steepness)=(0, 0, 0.00000000000000000000e+000) (0, 0, 0.00000000000000000000e+000) (0, 0, 0.00000000000000000000e+000) (0, 0, 0.00000000000000000000e+000) (0, 0, 0.00000000000000000000e+000) (0, 0, 0.00000000000000000000e+000) (0, 0, 0.00000000000000000000e+000) (0, 0, 0.00000000000000000000e+000) (0, 0, 0.00000000000000000000e+000) (9, 6, 5.00000000000000000000e-001) (9, 6, 5.00000000000000000000e-001) (9, 6, 5.00000000000000000000e-001) (0, 6, 0.00000000000000000000e+000) (4, 6, 5.00000000000000000000e-001) (4, 6, 5.00000000000000000000e-001) (4, 6, 5.00000000000000000000e-001) (4, 6, 5.00000000000000000000e-001) (4, 6, 5.00000000000000000000e-001) (0, 6, 0.00000000000000000000e+000) 
connections (connected_to_neuron, weight)=(0, 2.28102333569664860000e-001) (1, -5.08936837032228610000e+000) (2, -2.55919882447753940000e+000) (3, 4.19299616846179200000e+000) (4, 1.31415736965980210000e+001) (5, -1.25408129794010850000e+001) (6, -1.17205721262835230000e+001) (7, 6.42871709252446970000e+000) (8, -1.84206927832765040000e-001) (0, 7.48344841740095080000e-001) (1, 1.11512148208642530000e+000) (2, 8.96933352179856700000e-001) (3, -2.28190321569768970000e+000) (4, -1.08604131271021980000e+000) (5, 7.77621418392508980000e-001) (6, 1.79411272376069730000e+000) (7, -1.30625808349531840000e+000) (8, -2.46849773468221960000e-001) (0, 7.83178687558136930000e+000) (1, -2.23471720335090000000e+000) (2, 6.04946513013576580000e+000) (3, -1.16438964211206470000e+001) (4, 3.27434644808594800000e+001) (5, -5.18065070559404220000e+001) (6, -6.65072275705306560000e+000) (7, 7.54484487660706460000e+000) (8, -1.63683768794757520000e+000) (9, -6.71522056711927990000e-001) (10, -2.23489695291722960000e+000) (11, 2.70581979942098430000e-001) (12, 4.28248068648835130000e-001) (9, 1.07479597272786950000e+000) (10, 3.30151545987931790000e+000) (11, -5.86615634051974370000e-001) (12, 9.45893440800395950000e-001) (9, 1.18176498558348410000e-001) (10, 2.25510768685965510000e-001) (11, -1.84636348852524950000e-001) (12, 9.09096730306932170000e-001) (9, 1.18218267699012180000e+000) (10, 3.78779772905517120000e+000) (11, -4.57488931476058350000e-001) (12, 1.28259120082750220000e+000) (9, 5.07272346731959420000e-001) (10, 7.67239532225710620000e-001) (11, -7.27570846550792680000e-002) (12, 1.17858027801049260000e+000) 
