FANN_FLO_2.1
num_layers=3
learning_rate=0.700000
connection_rate=1.000000
network_type=0
learning_momentum=0.000000
training_algorithm=2
train_error_function=1
train_stop_function=0
cascade_output_change_fraction=0.010000
quickprop_decay=-0.000100
quickprop_mu=1.750000
rprop_increase_factor=1.200000
rprop_decrease_factor=0.500000
rprop_delta_min=0.000000
rprop_delta_max=50.000000
rprop_delta_zero=0.100000
cascade_output_stagnation_epochs=12
cascade_candidate_change_fraction=0.010000
cascade_candidate_stagnation_epochs=12
cascade_max_out_epochs=150
cascade_max_cand_epochs=150
cascade_num_candidate_groups=2
bit_fail_limit=3.49999999999999980000e-001
cascade_candidate_limit=1.00000000000000000000e+003
cascade_weight_multiplier=4.00000000000000020000e-001
cascade_activation_functions_count=10
cascade_activation_functions=3 5 7 8 10 11 14 15 16 17 
cascade_activation_steepnesses_count=4
cascade_activation_steepnesses=2.50000000000000000000e-001 5.00000000000000000000e-001 7.50000000000000000000e-001 1.00000000000000000000e+000 
layer_sizes=9 4 6 
scale_included=0
neurons (num_inputs, activation_function, activation_steepness)=(0, 0, 0.00000000000000000000e+000) (0, 0, 0.00000000000000000000e+000) (0, 0, 0.00000000000000000000e+000) (0, 0, 0.00000000000000000000e+000) (0, 0, 0.00000000000000000000e+000) (0, 0, 0.00000000000000000000e+000) (0, 0, 0.00000000000000000000e+000) (0, 0, 0.00000000000000000000e+000) (0, 0, 0.00000000000000000000e+000) (9, 6, 5.00000000000000000000e-001) (9, 6, 5.00000000000000000000e-001) (9, 6, 5.00000000000000000000e-001) (0, 6, 0.00000000000000000000e+000) (4, 6, 5.00000000000000000000e-001) (4, 6, 5.00000000000000000000e-001) (4, 6, 5.00000000000000000000e-001) (4, 6, 5.00000000000000000000e-001) (4, 6, 5.00000000000000000000e-001) (0, 6, 0.00000000000000000000e+000) 
connections (connected_to_neuron, weight)=(0, 5.58656509251197340000e+000) (1, -6.20953780906592990000e+000) (2, 7.09905758561521960000e+000) (3, -8.12519094171468660000e+000) (4, 9.88852589540098850000e+000) (5, -7.77278452672456230000e+000) (6, 3.03483159436090770000e+000) (7, -1.65284555666704310000e+001) (8, 8.77484285230394120000e-001) (0, 8.10287190572858940000e+000) (1, -1.01070515518141410000e+001) (2, 9.98678084059263680000e+000) (3, -5.98415952719772280000e+000) (4, 1.77592421817086250000e+001) (5, -2.71345888095160600000e+001) (6, 9.60102120791807500000e+000) (7, -2.35903394011731820000e+001) (8, -1.50927378108002660000e-001) (0, 6.80337502219659610000e-001) (1, -8.18334755959396860000e-001) (2, 1.26301633409591370000e+000) (3, -2.47403183681943740000e+000) (4, 1.34946389762011680000e+000) (5, 8.59232522824094070000e-002) (6, 5.71391727901359170000e-001) (7, -3.14140518196648080000e+000) (8, 6.38476725162418270000e-001) (9, -5.72146887604572000000e-001) (10, 1.90543003182187750000e-001) (11, 5.68436777012949030000e-001) (12, 6.50104833678673890000e-001) (9, 3.70912180838656900000e-001) (10, -4.19044031789559790000e-001) (11, 8.12948666061948930000e-001) (12, 4.22732553855699240000e-001) (9, 1.46821739285066390000e+000) (10, -5.88223948459805190000e-001) (11, -2.73756653920106400000e+000) (12, 1.15063908645935630000e+000) (9, 1.82184378937098430000e-001) (10, -1.03698336815575620000e-001) (11, 7.10534466875198610000e-001) (12, 7.42043207743153130000e-001) (9, 1.31204013615408940000e+000) (10, -2.51533092775070190000e-001) (11, -3.26849947918838260000e+000) (12, 1.48113162390195850000e+000) 
