FANN_FLO_2.1
num_layers=3
learning_rate=0.700000
connection_rate=1.000000
network_type=0
learning_momentum=0.000000
training_algorithm=2
train_error_function=1
train_stop_function=0
cascade_output_change_fraction=0.010000
quickprop_decay=-0.000100
quickprop_mu=1.750000
rprop_increase_factor=1.200000
rprop_decrease_factor=0.500000
rprop_delta_min=0.000000
rprop_delta_max=50.000000
rprop_delta_zero=0.100000
cascade_output_stagnation_epochs=12
cascade_candidate_change_fraction=0.010000
cascade_candidate_stagnation_epochs=12
cascade_max_out_epochs=150
cascade_max_cand_epochs=150
cascade_num_candidate_groups=2
bit_fail_limit=3.49999999999999980000e-001
cascade_candidate_limit=1.00000000000000000000e+003
cascade_weight_multiplier=4.00000000000000020000e-001
cascade_activation_functions_count=10
cascade_activation_functions=3 5 7 8 10 11 14 15 16 17 
cascade_activation_steepnesses_count=4
cascade_activation_steepnesses=2.50000000000000000000e-001 5.00000000000000000000e-001 7.50000000000000000000e-001 1.00000000000000000000e+000 
layer_sizes=9 4 6 
scale_included=0
neurons (num_inputs, activation_function, activation_steepness)=(0, 0, 0.00000000000000000000e+000) (0, 0, 0.00000000000000000000e+000) (0, 0, 0.00000000000000000000e+000) (0, 0, 0.00000000000000000000e+000) (0, 0, 0.00000000000000000000e+000) (0, 0, 0.00000000000000000000e+000) (0, 0, 0.00000000000000000000e+000) (0, 0, 0.00000000000000000000e+000) (0, 0, 0.00000000000000000000e+000) (9, 6, 5.00000000000000000000e-001) (9, 6, 5.00000000000000000000e-001) (9, 6, 5.00000000000000000000e-001) (0, 6, 0.00000000000000000000e+000) (4, 6, 5.00000000000000000000e-001) (4, 6, 5.00000000000000000000e-001) (4, 6, 5.00000000000000000000e-001) (4, 6, 5.00000000000000000000e-001) (4, 6, 5.00000000000000000000e-001) (0, 6, 0.00000000000000000000e+000) 
connections (connected_to_neuron, weight)=(0, -2.96329684284944590000e+000) (1, -1.07727381700955590000e+000) (2, -2.00938098789994600000e+000) (3, 1.01960421036548960000e+001) (4, -6.80787029581100530000e+000) (5, 4.14593751600814820000e+000) (6, -3.53469205800101790000e+000) (7, 6.62336321292257320000e+000) (8, 3.51722557925753740000e-001) (0, -2.43343832339834030000e+000) (1, -1.32846093273655640000e+001) (2, -8.16475116929974830000e+000) (3, 4.42947169843396440000e+001) (4, 4.56197988308743430000e+000) (5, -2.05558731709398510000e+001) (6, -2.51029965612931890000e+001) (7, 3.11827627620349580000e+001) (8, -1.00943691271782510000e+000) (0, -5.31292090446777720000e+000) (1, 1.02312433385424370000e+000) (2, -2.58712455153261800000e+000) (3, 5.32573893890500740000e+000) (4, -1.67049509481239720000e+001) (5, 2.15664095133165400000e+001) (6, -3.39556529410647650000e+000) (7, 4.73975550115346240000e+000) (8, 1.21473938848387600000e+000) (9, 1.66399008397096760000e+000) (10, -4.02042849282400690000e-001) (11, -8.32404039726035160000e-001) (12, 5.60491387918439890000e-001) (9, -1.82786553286180250000e+000) (10, 3.91388047616508920000e-001) (11, 1.13083719431050360000e+000) (12, 7.25330957954840930000e-001) (9, -3.31970300339637720000e-002) (10, 1.80442820891760400000e-002) (11, 1.99294895820849940000e-001) (12, 9.02670135056698020000e-001) (9, -2.64662920398226520000e+000) (10, 7.00727746583546640000e-001) (11, 1.29797561864289280000e+000) (12, 1.08888893421085610000e+000) (9, -2.22321188520232080000e+000) (10, 7.12070650799995650000e-001) (11, 1.09355507599210130000e+000) (12, 1.18318826387858070000e+000) 
