FANN_FLO_2.1
num_layers=3
learning_rate=0.700000
connection_rate=1.000000
network_type=0
learning_momentum=0.000000
training_algorithm=2
train_error_function=1
train_stop_function=0
cascade_output_change_fraction=0.010000
quickprop_decay=-0.000100
quickprop_mu=1.750000
rprop_increase_factor=1.200000
rprop_decrease_factor=0.500000
rprop_delta_min=0.000000
rprop_delta_max=50.000000
rprop_delta_zero=0.100000
cascade_output_stagnation_epochs=12
cascade_candidate_change_fraction=0.010000
cascade_candidate_stagnation_epochs=12
cascade_max_out_epochs=150
cascade_max_cand_epochs=150
cascade_num_candidate_groups=2
bit_fail_limit=3.49999999999999980000e-001
cascade_candidate_limit=1.00000000000000000000e+003
cascade_weight_multiplier=4.00000000000000020000e-001
cascade_activation_functions_count=10
cascade_activation_functions=3 5 7 8 10 11 14 15 16 17 
cascade_activation_steepnesses_count=4
cascade_activation_steepnesses=2.50000000000000000000e-001 5.00000000000000000000e-001 7.50000000000000000000e-001 1.00000000000000000000e+000 
layer_sizes=9 4 6 
scale_included=0
neurons (num_inputs, activation_function, activation_steepness)=(0, 0, 0.00000000000000000000e+000) (0, 0, 0.00000000000000000000e+000) (0, 0, 0.00000000000000000000e+000) (0, 0, 0.00000000000000000000e+000) (0, 0, 0.00000000000000000000e+000) (0, 0, 0.00000000000000000000e+000) (0, 0, 0.00000000000000000000e+000) (0, 0, 0.00000000000000000000e+000) (0, 0, 0.00000000000000000000e+000) (9, 6, 5.00000000000000000000e-001) (9, 6, 5.00000000000000000000e-001) (9, 6, 5.00000000000000000000e-001) (0, 6, 0.00000000000000000000e+000) (4, 6, 5.00000000000000000000e-001) (4, 6, 5.00000000000000000000e-001) (4, 6, 5.00000000000000000000e-001) (4, 6, 5.00000000000000000000e-001) (4, 6, 5.00000000000000000000e-001) (0, 6, 0.00000000000000000000e+000) 
connections (connected_to_neuron, weight)=(0, -5.37629731496715780000e-001) (1, 2.11245561311594400000e+000) (2, -1.40909977536662770000e+000) (3, -2.31008417339549420000e+000) (4, -1.98590866017150120000e+000) (5, 7.49335693023657080000e+000) (6, -5.40029665381095290000e+000) (7, 2.54230272903792100000e+000) (8, 1.10601251359800480000e+000) (0, 6.76361995088225680000e+000) (1, -5.41074113191760110000e+000) (2, 4.38208084279298850000e+000) (3, -9.03960770074050400000e+000) (4, 1.48638348747794500000e+001) (5, -5.76179691776461580000e+000) (6, -6.93648306267036130000e+000) (7, -1.36757554040315640000e+001) (8, 4.43390517998659250000e-001) (0, -7.82584815164147910000e-001) (1, -5.93317196659972140000e-002) (2, -3.44779548088787140000e-001) (3, 3.31185116838170310000e+000) (4, -1.60005727263573740000e+000) (5, -2.82462736132473550000e+000) (6, 3.19239642386605290000e+000) (7, 1.63378171500443870000e+000) (8, -7.39407973998945530000e-001) (9, -5.51233678857609430000e-001) (10, -1.80421551559934720000e-001) (11, -1.38091446491417470000e-001) (12, 8.34460667444813950000e-001) (9, 2.00090125499993940000e-001) (10, -3.37470872747469120000e-001) (11, -1.27997824497701830000e+000) (12, 3.78552233919118350000e-001) (9, 8.77465746646602260000e-001) (10, 1.51882920567300850000e-001) (11, 1.22287157836355460000e+000) (12, 9.29987725150230760000e-001) (9, -5.55548411420097140000e-001) (10, -1.06491139358724940000e-001) (11, -1.02436660231931280000e+000) (12, 9.77056304949577960000e-001) (9, 1.22665961868838360000e+000) (10, 6.68447177318771010000e-001) (11, 2.31936628121692760000e+000) (12, 1.11140965384764280000e+000) 
