FANN_FLO_2.1
num_layers=3
learning_rate=0.700000
connection_rate=1.000000
network_type=0
learning_momentum=0.000000
training_algorithm=2
train_error_function=1
train_stop_function=0
cascade_output_change_fraction=0.010000
quickprop_decay=-0.000100
quickprop_mu=1.750000
rprop_increase_factor=1.200000
rprop_decrease_factor=0.500000
rprop_delta_min=0.000000
rprop_delta_max=50.000000
rprop_delta_zero=0.100000
cascade_output_stagnation_epochs=12
cascade_candidate_change_fraction=0.010000
cascade_candidate_stagnation_epochs=12
cascade_max_out_epochs=150
cascade_max_cand_epochs=150
cascade_num_candidate_groups=2
bit_fail_limit=3.49999999999999980000e-001
cascade_candidate_limit=1.00000000000000000000e+003
cascade_weight_multiplier=4.00000000000000020000e-001
cascade_activation_functions_count=10
cascade_activation_functions=3 5 7 8 10 11 14 15 16 17 
cascade_activation_steepnesses_count=4
cascade_activation_steepnesses=2.50000000000000000000e-001 5.00000000000000000000e-001 7.50000000000000000000e-001 1.00000000000000000000e+000 
layer_sizes=9 4 6 
scale_included=0
neurons (num_inputs, activation_function, activation_steepness)=(0, 0, 0.00000000000000000000e+000) (0, 0, 0.00000000000000000000e+000) (0, 0, 0.00000000000000000000e+000) (0, 0, 0.00000000000000000000e+000) (0, 0, 0.00000000000000000000e+000) (0, 0, 0.00000000000000000000e+000) (0, 0, 0.00000000000000000000e+000) (0, 0, 0.00000000000000000000e+000) (0, 0, 0.00000000000000000000e+000) (9, 6, 5.00000000000000000000e-001) (9, 6, 5.00000000000000000000e-001) (9, 6, 5.00000000000000000000e-001) (0, 6, 0.00000000000000000000e+000) (4, 6, 5.00000000000000000000e-001) (4, 6, 5.00000000000000000000e-001) (4, 6, 5.00000000000000000000e-001) (4, 6, 5.00000000000000000000e-001) (4, 6, 5.00000000000000000000e-001) (0, 6, 0.00000000000000000000e+000) 
connections (connected_to_neuron, weight)=(0, -8.68555549028538710000e-001) (1, 5.57023793644848770000e-001) (2, -4.28685919838780630000e-001) (3, 1.04243296012105250000e+000) (4, -1.71837831148954010000e+000) (5, 7.77981007033923590000e-001) (6, 3.78445950692563590000e-001) (7, 1.72912905469634760000e+000) (8, 1.23334360713509370000e-001) (0, -3.34887461351877210000e+000) (1, 1.40117516229691130000e+000) (2, -1.04165748666504410000e+000) (3, 4.16213215026254260000e+000) (4, -6.69503280866229570000e+000) (5, 2.37886311128967610000e+000) (6, 4.31806446422174960000e+000) (7, 5.61972113795572970000e+000) (8, 1.09425168356465400000e-001) (0, -1.42015078465489440000e-001) (1, 8.91597605933739710000e-001) (2, -4.40743761513717860000e-001) (3, -1.08887361490009040000e+000) (4, -5.85567032197722330000e-001) (5, 2.45512818535911710000e+000) (6, -2.35765808167548970000e+000) (7, 8.59410486380366660000e-001) (8, 3.08104051740353550000e-001) (9, -4.38877638174110570000e-001) (10, 3.11269278067994370000e-001) (11, -8.26076620689426440000e-001) (12, 6.94899832297133370000e-001) (9, -3.55314007347714660000e+000) (10, 1.10516942488018510000e+000) (11, 2.54910105627300210000e+000) (12, 6.28515459658801510000e-001) (9, 2.30084963686049760000e+000) (10, -4.01415974680509820000e-001) (11, 6.25119249360706620000e-002) (12, 8.73513945265281700000e-001) (9, -3.18314163908038910000e+000) (10, 6.77517894684824040000e-001) (11, 4.65866047797649290000e-001) (12, 1.09723221613940130000e+000) (9, 5.20927152236701390000e+000) (10, -1.61016809881104050000e+000) (11, -1.00180991874601650000e+000) (12, 1.00795472327848070000e+000) 
