FANN_FLO_2.1
num_layers=3
learning_rate=0.700000
connection_rate=1.000000
network_type=0
learning_momentum=0.000000
training_algorithm=2
train_error_function=1
train_stop_function=0
cascade_output_change_fraction=0.010000
quickprop_decay=-0.000100
quickprop_mu=1.750000
rprop_increase_factor=1.200000
rprop_decrease_factor=0.500000
rprop_delta_min=0.000000
rprop_delta_max=50.000000
rprop_delta_zero=0.100000
cascade_output_stagnation_epochs=12
cascade_candidate_change_fraction=0.010000
cascade_candidate_stagnation_epochs=12
cascade_max_out_epochs=150
cascade_max_cand_epochs=150
cascade_num_candidate_groups=2
bit_fail_limit=3.49999999999999980000e-001
cascade_candidate_limit=1.00000000000000000000e+003
cascade_weight_multiplier=4.00000000000000020000e-001
cascade_activation_functions_count=10
cascade_activation_functions=3 5 7 8 10 11 14 15 16 17 
cascade_activation_steepnesses_count=4
cascade_activation_steepnesses=2.50000000000000000000e-001 5.00000000000000000000e-001 7.50000000000000000000e-001 1.00000000000000000000e+000 
layer_sizes=9 4 6 
scale_included=0
neurons (num_inputs, activation_function, activation_steepness)=(0, 0, 0.00000000000000000000e+000) (0, 0, 0.00000000000000000000e+000) (0, 0, 0.00000000000000000000e+000) (0, 0, 0.00000000000000000000e+000) (0, 0, 0.00000000000000000000e+000) (0, 0, 0.00000000000000000000e+000) (0, 0, 0.00000000000000000000e+000) (0, 0, 0.00000000000000000000e+000) (0, 0, 0.00000000000000000000e+000) (9, 6, 5.00000000000000000000e-001) (9, 6, 5.00000000000000000000e-001) (9, 6, 5.00000000000000000000e-001) (0, 6, 0.00000000000000000000e+000) (4, 6, 5.00000000000000000000e-001) (4, 6, 5.00000000000000000000e-001) (4, 6, 5.00000000000000000000e-001) (4, 6, 5.00000000000000000000e-001) (4, 6, 5.00000000000000000000e-001) (0, 6, 0.00000000000000000000e+000) 
connections (connected_to_neuron, weight)=(0, -1.99999676359445070000e+000) (1, 5.68285831562741080000e+000) (2, 4.89691581220941790000e+000) (3, 7.25466374746036280000e+000) (4, -8.11434912058698290000e+000) (5, -1.08385511518107320000e+001) (6, 1.82310656453935140000e+001) (7, -4.16369251002040740000e+000) (8, 8.81463901799697520000e-002) (0, 2.37936871589398850000e+000) (1, -8.50434241854591380000e+000) (2, -9.13233607490518650000e+000) (3, -1.03516836162911510000e+001) (4, 1.26845921752008050000e+001) (5, 1.87811094186734170000e+001) (6, -3.28158352781507650000e+001) (7, 7.44825354945453810000e+000) (8, 2.84530689260469090000e-001) (0, 7.93327195710037810000e+002) (1, -8.65509418080563250000e+002) (2, 2.51245143187927280000e+002) (3, 1.21324179315228250000e+001) (4, 1.21355436394045000000e+003) (5, -1.50000000000000000000e+003) (6, 2.22331285487018310000e+002) (7, 3.82652351327831180000e+002) (8, -6.63917699636865070000e+000) (9, 6.39514710613040660000e-001) (10, 3.48689068886425590000e-001) (11, 2.54752313877928010000e-003) (12, 5.06506323615810720000e-001) (9, 4.85301439086057940000e-001) (10, 4.34752497930484540000e-001) (11, -5.56005021345205370000e-002) (12, 7.92528919013027240000e-001) (9, 1.66658529268250350000e+000) (10, 1.07298886936304630000e+000) (11, -3.72886382675863880000e-003) (12, 8.06467031609579440000e-001) (9, -8.80583608937780950000e-002) (10, 2.29405845917241310000e-002) (11, 4.17522810175625440000e-002) (12, 1.02449035127281470000e+000) (9, 1.03348820593257960000e+000) (10, 8.16010224279079320000e-001) (11, 8.10820255056203250000e-002) (12, 9.56637119854496070000e-001) 
