FANN_FLO_2.1
num_layers=3
learning_rate=0.700000
connection_rate=1.000000
network_type=0
learning_momentum=0.000000
training_algorithm=2
train_error_function=1
train_stop_function=0
cascade_output_change_fraction=0.010000
quickprop_decay=-0.000100
quickprop_mu=1.750000
rprop_increase_factor=1.200000
rprop_decrease_factor=0.500000
rprop_delta_min=0.000000
rprop_delta_max=50.000000
rprop_delta_zero=0.100000
cascade_output_stagnation_epochs=12
cascade_candidate_change_fraction=0.010000
cascade_candidate_stagnation_epochs=12
cascade_max_out_epochs=150
cascade_max_cand_epochs=150
cascade_num_candidate_groups=2
bit_fail_limit=3.49999999999999980000e-001
cascade_candidate_limit=1.00000000000000000000e+003
cascade_weight_multiplier=4.00000000000000020000e-001
cascade_activation_functions_count=10
cascade_activation_functions=3 5 7 8 10 11 14 15 16 17 
cascade_activation_steepnesses_count=4
cascade_activation_steepnesses=2.50000000000000000000e-001 5.00000000000000000000e-001 7.50000000000000000000e-001 1.00000000000000000000e+000 
layer_sizes=9 4 6 
scale_included=0
neurons (num_inputs, activation_function, activation_steepness)=(0, 0, 0.00000000000000000000e+000) (0, 0, 0.00000000000000000000e+000) (0, 0, 0.00000000000000000000e+000) (0, 0, 0.00000000000000000000e+000) (0, 0, 0.00000000000000000000e+000) (0, 0, 0.00000000000000000000e+000) (0, 0, 0.00000000000000000000e+000) (0, 0, 0.00000000000000000000e+000) (0, 0, 0.00000000000000000000e+000) (9, 6, 5.00000000000000000000e-001) (9, 6, 5.00000000000000000000e-001) (9, 6, 5.00000000000000000000e-001) (0, 6, 0.00000000000000000000e+000) (4, 6, 5.00000000000000000000e-001) (4, 6, 5.00000000000000000000e-001) (4, 6, 5.00000000000000000000e-001) (4, 6, 5.00000000000000000000e-001) (4, 6, 5.00000000000000000000e-001) (0, 6, 0.00000000000000000000e+000) 
connections (connected_to_neuron, weight)=(0, -1.57769898753106190000e+000) (1, 1.56950416323180110000e+001) (2, -3.28147194982723890000e+001) (3, 4.20659773507283670000e+001) (4, 5.48624722396798430000e+000) (5, -3.94596975207412510000e+001) (6, 1.23664273632997720000e+001) (7, -7.76891606105181150000e+000) (8, -2.66772442352633530000e-001) (0, -7.41283957574199090000e+000) (1, 5.31059493213330210000e+000) (2, -5.68085435188055590000e+000) (3, -7.11827632073414480000e+000) (4, -2.99612849695867140000e+001) (5, 7.54900804576521840000e+001) (6, -2.66855692674414120000e+001) (7, 7.91049610161908400000e+000) (8, 1.09681072365681280000e+000) (0, 3.63081382055350410000e+000) (1, -7.94675368806375550000e+000) (2, 1.33077131031677960000e+001) (3, -1.46215202947043520000e+001) (4, 7.59253469174136520000e+000) (5, -2.13501005075204060000e+000) (6, -5.92964368390121010000e-001) (7, 1.07644976233262300000e+000) (8, 4.81850159565674450000e-001) (9, -4.14234430483057970000e-001) (10, -3.10251595112105870000e-001) (11, -9.26828906471230730000e-001) (12, 8.77214365106818940000e-001) (9, 3.64014054620430790000e-001) (10, 4.13194274226625410000e-001) (11, 8.13632132008372480000e-001) (12, 5.07721713954685680000e-001) (9, 8.39950477003041510000e-002) (10, 1.47564414469777830000e-001) (11, 7.37773751583516570000e-002) (12, 9.17451489882891940000e-001) (9, 3.75149580201503690000e-001) (10, 2.42151787143825650000e-001) (11, 8.44903115214162280000e-001) (12, 7.66413827475037500000e-001) (9, 3.59857462825356970000e-001) (10, 1.82455315591482200000e-001) (11, 6.88467493513326370000e-001) (12, 8.78782051290020290000e-001) 
