FANN_FLO_2.1
num_layers=3
learning_rate=0.700000
connection_rate=1.000000
network_type=0
learning_momentum=0.000000
training_algorithm=2
train_error_function=1
train_stop_function=0
cascade_output_change_fraction=0.010000
quickprop_decay=-0.000100
quickprop_mu=1.750000
rprop_increase_factor=1.200000
rprop_decrease_factor=0.500000
rprop_delta_min=0.000000
rprop_delta_max=50.000000
rprop_delta_zero=0.100000
cascade_output_stagnation_epochs=12
cascade_candidate_change_fraction=0.010000
cascade_candidate_stagnation_epochs=12
cascade_max_out_epochs=150
cascade_max_cand_epochs=150
cascade_num_candidate_groups=2
bit_fail_limit=3.49999999999999980000e-001
cascade_candidate_limit=1.00000000000000000000e+003
cascade_weight_multiplier=4.00000000000000020000e-001
cascade_activation_functions_count=10
cascade_activation_functions=3 5 7 8 10 11 14 15 16 17 
cascade_activation_steepnesses_count=4
cascade_activation_steepnesses=2.50000000000000000000e-001 5.00000000000000000000e-001 7.50000000000000000000e-001 1.00000000000000000000e+000 
layer_sizes=9 4 6 
scale_included=0
neurons (num_inputs, activation_function, activation_steepness)=(0, 0, 0.00000000000000000000e+000) (0, 0, 0.00000000000000000000e+000) (0, 0, 0.00000000000000000000e+000) (0, 0, 0.00000000000000000000e+000) (0, 0, 0.00000000000000000000e+000) (0, 0, 0.00000000000000000000e+000) (0, 0, 0.00000000000000000000e+000) (0, 0, 0.00000000000000000000e+000) (0, 0, 0.00000000000000000000e+000) (9, 6, 5.00000000000000000000e-001) (9, 6, 5.00000000000000000000e-001) (9, 6, 5.00000000000000000000e-001) (0, 6, 0.00000000000000000000e+000) (4, 6, 5.00000000000000000000e-001) (4, 6, 5.00000000000000000000e-001) (4, 6, 5.00000000000000000000e-001) (4, 6, 5.00000000000000000000e-001) (4, 6, 5.00000000000000000000e-001) (0, 6, 0.00000000000000000000e+000) 
connections (connected_to_neuron, weight)=(0, -5.15799011127809790000e-001) (1, -1.14379217075571680000e+000) (2, -7.75145307209017640000e-001) (3, 1.25799459816789990000e+000) (4, -8.36940998606512050000e-001) (5, 1.10603610991042170000e+000) (6, -2.37953952034819020000e+000) (7, 2.70749324281759570000e+000) (8, 4.49835949488945950000e-001) (0, 3.73877950207006520000e+000) (1, -7.12214620229257810000e+000) (2, -2.69141057932805650000e+000) (3, -1.01222505761934970000e+000) (4, 1.20436473459784330000e+001) (5, -8.78525147307485450000e+000) (6, -1.85823715813710880000e+001) (7, 1.27368086938064330000e+001) (8, 2.87533560369700010000e-002) (0, -7.31141476794104950000e+000) (1, 2.14919747212838220000e+000) (2, -2.92464840649078410000e+000) (3, 8.40032103270244870000e+000) (4, -2.31460985246158660000e+001) (5, 2.96460169045585110000e+001) (6, 6.64088070779308470000e+000) (7, -2.66771366374751120000e+000) (8, 1.29783340288330100000e+000) (9, 1.55763182984229000000e+000) (10, -4.67237110645438210000e-001) (11, -3.46483033018750440000e-001) (12, 4.40837955511916290000e-001) (9, -2.81806656734993630000e+000) (10, 7.86467731510771980000e-001) (11, 8.17441369371634700000e-001) (12, 9.75843258189749820000e-001) (9, 1.92687786195349570000e-001) (10, -2.51950682447568440000e-002) (11, 1.18691019432000850000e-001) (12, 8.86753232748904500000e-001) (9, -4.19675668747828380000e+000) (10, 1.02773254499105280000e+000) (11, 8.77261714263243290000e-001) (12, 1.40761380598015310000e+000) (9, -3.13845433682892580000e-001) (10, 3.44426547407455600000e-001) (11, 1.43188285164671300000e-001) (12, 1.07383274116461200000e+000) 
