FANN_FLO_2.1
num_layers=3
learning_rate=0.700000
connection_rate=1.000000
network_type=0
learning_momentum=0.000000
training_algorithm=2
train_error_function=1
train_stop_function=0
cascade_output_change_fraction=0.010000
quickprop_decay=-0.000100
quickprop_mu=1.750000
rprop_increase_factor=1.200000
rprop_decrease_factor=0.500000
rprop_delta_min=0.000000
rprop_delta_max=50.000000
rprop_delta_zero=0.100000
cascade_output_stagnation_epochs=12
cascade_candidate_change_fraction=0.010000
cascade_candidate_stagnation_epochs=12
cascade_max_out_epochs=150
cascade_max_cand_epochs=150
cascade_num_candidate_groups=2
bit_fail_limit=3.49999999999999980000e-001
cascade_candidate_limit=1.00000000000000000000e+003
cascade_weight_multiplier=4.00000000000000020000e-001
cascade_activation_functions_count=10
cascade_activation_functions=3 5 7 8 10 11 14 15 16 17 
cascade_activation_steepnesses_count=4
cascade_activation_steepnesses=2.50000000000000000000e-001 5.00000000000000000000e-001 7.50000000000000000000e-001 1.00000000000000000000e+000 
layer_sizes=9 4 6 
scale_included=0
neurons (num_inputs, activation_function, activation_steepness)=(0, 0, 0.00000000000000000000e+000) (0, 0, 0.00000000000000000000e+000) (0, 0, 0.00000000000000000000e+000) (0, 0, 0.00000000000000000000e+000) (0, 0, 0.00000000000000000000e+000) (0, 0, 0.00000000000000000000e+000) (0, 0, 0.00000000000000000000e+000) (0, 0, 0.00000000000000000000e+000) (0, 0, 0.00000000000000000000e+000) (9, 6, 5.00000000000000000000e-001) (9, 6, 5.00000000000000000000e-001) (9, 6, 5.00000000000000000000e-001) (0, 6, 0.00000000000000000000e+000) (4, 6, 5.00000000000000000000e-001) (4, 6, 5.00000000000000000000e-001) (4, 6, 5.00000000000000000000e-001) (4, 6, 5.00000000000000000000e-001) (4, 6, 5.00000000000000000000e-001) (0, 6, 0.00000000000000000000e+000) 
connections (connected_to_neuron, weight)=(0, -8.74964905226662100000e+000) (1, 2.56111289942395310000e+000) (2, -6.54615497125095210000e+000) (3, 1.64298923042337330000e+000) (4, -2.73783356546939130000e+001) (5, 5.92670648587343580000e+001) (6, -2.09522538720288940000e+001) (7, 9.00220379272996140000e+000) (8, 2.43548695272623390000e+000) (0, 2.83910564214698760000e+000) (1, -1.06386537757141910000e+000) (2, 5.43228363799453380000e-001) (3, -1.15030187715624940000e+000) (4, 6.52135002997541240000e+000) (5, -8.15245763156623760000e+000) (6, 8.54008156875648460000e-001) (7, -1.07275931614530730000e+000) (8, -2.41591755748666900000e-002) (0, 1.11220906208270010000e+000) (1, -2.88421310138375850000e-001) (2, 3.40150123797682560000e-001) (3, -6.32396467502108540000e-001) (4, 2.31963419692180570000e+000) (5, -2.86940559455078370000e+000) (6, 5.69229629800933170000e-001) (7, -9.38418565108746990000e-001) (8, 8.86328812394732300000e-002) (9, -3.84531909157590560000e-001) (10, -5.80971549295377090000e-001) (11, -9.45453008072015820000e-001) (12, 9.20166137735584420000e-001) (9, 3.24629109422477250000e-001) (10, -1.00685923128214270000e+000) (11, 3.40743323362141170000e+000) (12, 4.34310878702262320000e-001) (9, 2.81662936901388020000e-002) (10, 1.86595423403711800000e-003) (11, -6.18167459551177020000e-001) (12, 9.96624224213237600000e-001) (9, 2.38644772144416650000e-001) (10, -1.04852518489165190000e+000) (11, 4.18727946998837910000e+000) (12, 6.48921277500187580000e-001) (9, 2.22950717524750120000e-001) (10, 2.69310194462487160000e+000) (11, -4.67819541611790600000e+000) (12, 1.10461681688841900000e+000) 
