FANN_FLO_2.1
num_layers=3
learning_rate=0.700000
connection_rate=1.000000
network_type=0
learning_momentum=0.000000
training_algorithm=2
train_error_function=1
train_stop_function=0
cascade_output_change_fraction=0.010000
quickprop_decay=-0.000100
quickprop_mu=1.750000
rprop_increase_factor=1.200000
rprop_decrease_factor=0.500000
rprop_delta_min=0.000000
rprop_delta_max=50.000000
rprop_delta_zero=0.100000
cascade_output_stagnation_epochs=12
cascade_candidate_change_fraction=0.010000
cascade_candidate_stagnation_epochs=12
cascade_max_out_epochs=150
cascade_max_cand_epochs=150
cascade_num_candidate_groups=2
bit_fail_limit=3.49999999999999980000e-001
cascade_candidate_limit=1.00000000000000000000e+003
cascade_weight_multiplier=4.00000000000000020000e-001
cascade_activation_functions_count=10
cascade_activation_functions=3 5 7 8 10 11 14 15 16 17 
cascade_activation_steepnesses_count=4
cascade_activation_steepnesses=2.50000000000000000000e-001 5.00000000000000000000e-001 7.50000000000000000000e-001 1.00000000000000000000e+000 
layer_sizes=9 4 6 
scale_included=0
neurons (num_inputs, activation_function, activation_steepness)=(0, 0, 0.00000000000000000000e+000) (0, 0, 0.00000000000000000000e+000) (0, 0, 0.00000000000000000000e+000) (0, 0, 0.00000000000000000000e+000) (0, 0, 0.00000000000000000000e+000) (0, 0, 0.00000000000000000000e+000) (0, 0, 0.00000000000000000000e+000) (0, 0, 0.00000000000000000000e+000) (0, 0, 0.00000000000000000000e+000) (9, 6, 5.00000000000000000000e-001) (9, 6, 5.00000000000000000000e-001) (9, 6, 5.00000000000000000000e-001) (0, 6, 0.00000000000000000000e+000) (4, 6, 5.00000000000000000000e-001) (4, 6, 5.00000000000000000000e-001) (4, 6, 5.00000000000000000000e-001) (4, 6, 5.00000000000000000000e-001) (4, 6, 5.00000000000000000000e-001) (0, 6, 0.00000000000000000000e+000) 
connections (connected_to_neuron, weight)=(0, -4.43542448160834600000e-001) (1, 4.79893437841503620000e-001) (2, -5.98660625618487600000e-002) (3, 8.43217003961505900000e-001) (4, -5.99614721208234780000e-001) (5, -3.78683399714939420000e-001) (6, 1.97385051451973180000e+000) (7, -1.28188424136326810000e-001) (8, -2.47959044946373160000e-001) (0, -6.53439529350713500000e+000) (1, 7.58101552950482290000e+000) (2, 1.56844049395371330000e+000) (3, -1.26143390007795140000e+001) (4, -1.74760536748256180000e+001) (5, 2.16807557307824330000e+001) (6, -2.24411997194587730000e+001) (7, 1.67769013310681530000e+001) (8, -1.27787671557076490000e+000) (0, -1.93279951784289960000e+000) (1, 1.63976538772589840000e+000) (2, -1.92236727851750360000e-001) (3, 6.25472228006934030000e+000) (4, -2.02666792022888800000e+000) (5, -4.23468530645262660000e+000) (6, 1.65874157482838030000e+001) (7, -6.31840063021065300000e+000) (8, -1.07395701145463660000e+000) (9, -1.20323613365847670000e+000) (10, 1.99727593097510680000e-001) (11, 4.77408905199831040000e-001) (12, 7.75114330952820450000e-001) (9, -1.30378502200099790000e+000) (10, 4.73136960191168910000e-001) (11, 1.80135318884006970000e-001) (12, 1.06858604863171740000e+000) (9, 2.07141612072391460000e+000) (10, 1.77946489515634580000e-001) (11, -2.49387576595686890000e-001) (12, 1.20941825689233400000e+000) (9, -2.86161506708571030000e+000) (10, 7.47322281624249460000e-002) (11, 3.90468708660823170000e-001) (12, 9.35081700788483960000e-001) (9, 7.98052839924854850000e+000) (10, -8.60838819078338920000e-001) (11, -1.79377706331501810000e+000) (12, 6.23856782223061620000e-001) 
