FANN_FLO_2.1
num_layers=3
learning_rate=0.700000
connection_rate=1.000000
network_type=0
learning_momentum=0.000000
training_algorithm=2
train_error_function=1
train_stop_function=0
cascade_output_change_fraction=0.010000
quickprop_decay=-0.000100
quickprop_mu=1.750000
rprop_increase_factor=1.200000
rprop_decrease_factor=0.500000
rprop_delta_min=0.000000
rprop_delta_max=50.000000
rprop_delta_zero=0.100000
cascade_output_stagnation_epochs=12
cascade_candidate_change_fraction=0.010000
cascade_candidate_stagnation_epochs=12
cascade_max_out_epochs=150
cascade_max_cand_epochs=150
cascade_num_candidate_groups=2
bit_fail_limit=3.49999999999999980000e-001
cascade_candidate_limit=1.00000000000000000000e+003
cascade_weight_multiplier=4.00000000000000020000e-001
cascade_activation_functions_count=10
cascade_activation_functions=3 5 7 8 10 11 14 15 16 17 
cascade_activation_steepnesses_count=4
cascade_activation_steepnesses=2.50000000000000000000e-001 5.00000000000000000000e-001 7.50000000000000000000e-001 1.00000000000000000000e+000 
layer_sizes=9 4 6 
scale_included=0
neurons (num_inputs, activation_function, activation_steepness)=(0, 0, 0.00000000000000000000e+000) (0, 0, 0.00000000000000000000e+000) (0, 0, 0.00000000000000000000e+000) (0, 0, 0.00000000000000000000e+000) (0, 0, 0.00000000000000000000e+000) (0, 0, 0.00000000000000000000e+000) (0, 0, 0.00000000000000000000e+000) (0, 0, 0.00000000000000000000e+000) (0, 0, 0.00000000000000000000e+000) (9, 6, 5.00000000000000000000e-001) (9, 6, 5.00000000000000000000e-001) (9, 6, 5.00000000000000000000e-001) (0, 6, 0.00000000000000000000e+000) (4, 6, 5.00000000000000000000e-001) (4, 6, 5.00000000000000000000e-001) (4, 6, 5.00000000000000000000e-001) (4, 6, 5.00000000000000000000e-001) (4, 6, 5.00000000000000000000e-001) (0, 6, 0.00000000000000000000e+000) 
connections (connected_to_neuron, weight)=(0, 3.38835599811747470000e+000) (1, -1.87524900195383330000e+000) (2, 8.68605331690017630000e-001) (3, -4.17933981987348170000e+000) (4, 6.04225582073198540000e+000) (5, -1.90727106572930930000e+000) (6, -5.79057180672284220000e+000) (7, -4.35177358006875450000e+000) (8, 4.28457079407366660000e-001) (0, 1.50000000000000000000e+003) (1, 1.50000000000000000000e+003) (2, 1.50000000000000000000e+003) (3, 1.50000000000000000000e+003) (4, 1.50000000000000000000e+003) (5, 1.50000000000000000000e+003) (6, 1.50000000000000000000e+003) (7, 1.50000000000000000000e+003) (8, 2.05823928918216700000e+000) (0, -5.37289584459374470000e-001) (1, 2.48912715987369940000e-001) (2, -1.91100150129011440000e-001) (3, 1.02463733320084580000e+000) (4, -9.44117298431642380000e-001) (5, -1.56175462310113620000e-001) (6, 1.01426738439049240000e+000) (7, 8.65479313624883170000e-001) (8, -2.04500990800974720000e-001) (9, -3.17977466642420050000e-001) (10, -1.24041771175588080000e-001) (11, -6.17872476609820590000e-001) (12, 7.04144400195966910000e-001) (9, -8.87063740999323060000e-001) (10, -5.91152374089783380000e-001) (11, -3.69625378421683680000e+000) (12, 1.24647223141973520000e+000) (9, 3.71359014796446010000e-001) (10, -1.17702470812271670000e-001) (11, 3.21803950282147970000e+000) (12, 1.32578668414040890000e+000) (9, -3.24445572094372080000e-001) (10, 6.71720840983938280000e-002) (11, -2.79315052227794420000e+000) (12, 7.61764409996080640000e-001) (9, 1.55175152583152710000e+000) (10, 4.89721512481235410000e-001) (11, 6.79214844981679900000e+000) (12, 9.16942516291509360000e-001) 
