FANN_FLO_2.1
num_layers=3
learning_rate=0.700000
connection_rate=1.000000
network_type=0
learning_momentum=0.000000
training_algorithm=2
train_error_function=1
train_stop_function=0
cascade_output_change_fraction=0.010000
quickprop_decay=-0.000100
quickprop_mu=1.750000
rprop_increase_factor=1.200000
rprop_decrease_factor=0.500000
rprop_delta_min=0.000000
rprop_delta_max=50.000000
rprop_delta_zero=0.100000
cascade_output_stagnation_epochs=12
cascade_candidate_change_fraction=0.010000
cascade_candidate_stagnation_epochs=12
cascade_max_out_epochs=150
cascade_max_cand_epochs=150
cascade_num_candidate_groups=2
bit_fail_limit=3.49999999999999980000e-001
cascade_candidate_limit=1.00000000000000000000e+003
cascade_weight_multiplier=4.00000000000000020000e-001
cascade_activation_functions_count=10
cascade_activation_functions=3 5 7 8 10 11 14 15 16 17 
cascade_activation_steepnesses_count=4
cascade_activation_steepnesses=2.50000000000000000000e-001 5.00000000000000000000e-001 7.50000000000000000000e-001 1.00000000000000000000e+000 
layer_sizes=9 4 6 
scale_included=0
neurons (num_inputs, activation_function, activation_steepness)=(0, 0, 0.00000000000000000000e+000) (0, 0, 0.00000000000000000000e+000) (0, 0, 0.00000000000000000000e+000) (0, 0, 0.00000000000000000000e+000) (0, 0, 0.00000000000000000000e+000) (0, 0, 0.00000000000000000000e+000) (0, 0, 0.00000000000000000000e+000) (0, 0, 0.00000000000000000000e+000) (0, 0, 0.00000000000000000000e+000) (9, 6, 5.00000000000000000000e-001) (9, 6, 5.00000000000000000000e-001) (9, 6, 5.00000000000000000000e-001) (0, 6, 0.00000000000000000000e+000) (4, 6, 5.00000000000000000000e-001) (4, 6, 5.00000000000000000000e-001) (4, 6, 5.00000000000000000000e-001) (4, 6, 5.00000000000000000000e-001) (4, 6, 5.00000000000000000000e-001) (0, 6, 0.00000000000000000000e+000) 
connections (connected_to_neuron, weight)=(0, 2.60278066420759440000e+000) (1, 1.29021182138069830000e+001) (2, 7.31218794389975990000e+000) (3, -4.36741323459847880000e+001) (4, -1.14601018923098130000e+000) (5, 1.85508562612426000000e+001) (6, 2.34953390265807440000e+001) (7, -3.00615850953966410000e+001) (8, 8.45158971562380730000e-001) (0, -8.40405143012903370000e+000) (1, 8.85178072125808570000e-001) (2, -5.25202457043298840000e+000) (3, 2.06674174594745570000e+001) (4, -3.51930295236791510000e+001) (5, 2.69331194108326560000e+001) (6, -3.52233597127795270000e+000) (7, 1.14171919363782520000e+001) (8, 2.04267840110674560000e+000) (0, 2.79191285570844890000e+000) (1, 2.45158504933032530000e+000) (2, 2.42725994973972940000e+000) (3, -1.68498943826936090000e+001) (4, 7.94507617164898680000e+000) (5, 6.12328088644013450000e-001) (6, 4.44870000019879890000e+000) (7, -9.90800893003543240000e+000) (8, -1.96442525428576010000e-001) (9, 5.05704589556752020000e-001) (10, -4.31624017507099780000e-001) (11, -1.37423583548693750000e+000) (12, 5.59629814290204090000e-001) (9, -4.92650151659661580000e-001) (10, 6.52519814229650770000e-001) (11, 1.54234073710657560000e+000) (12, 7.13376643409404760000e-001) (9, -5.13463989050472400000e-002) (10, 2.06617448565408510000e-001) (11, 1.70771054670500940000e-001) (12, 8.83812356580574890000e-001) (9, -8.08514933772998100000e-001) (10, 6.03916118069463440000e-001) (11, 2.01465283489733690000e+000) (12, 1.09276200008723730000e+000) (9, -7.68900329210231550000e-001) (10, 4.47681019067010970000e-001) (11, 1.58902549927011830000e+000) (12, 1.19769017113864030000e+000) 
