FANN_FLO_2.1
num_layers=3
learning_rate=0.700000
connection_rate=1.000000
network_type=0
learning_momentum=0.000000
training_algorithm=2
train_error_function=1
train_stop_function=0
cascade_output_change_fraction=0.010000
quickprop_decay=-0.000100
quickprop_mu=1.750000
rprop_increase_factor=1.200000
rprop_decrease_factor=0.500000
rprop_delta_min=0.000000
rprop_delta_max=50.000000
rprop_delta_zero=0.100000
cascade_output_stagnation_epochs=12
cascade_candidate_change_fraction=0.010000
cascade_candidate_stagnation_epochs=12
cascade_max_out_epochs=150
cascade_max_cand_epochs=150
cascade_num_candidate_groups=2
bit_fail_limit=3.49999999999999980000e-001
cascade_candidate_limit=1.00000000000000000000e+003
cascade_weight_multiplier=4.00000000000000020000e-001
cascade_activation_functions_count=10
cascade_activation_functions=3 5 7 8 10 11 14 15 16 17 
cascade_activation_steepnesses_count=4
cascade_activation_steepnesses=2.50000000000000000000e-001 5.00000000000000000000e-001 7.50000000000000000000e-001 1.00000000000000000000e+000 
layer_sizes=9 4 6 
scale_included=0
neurons (num_inputs, activation_function, activation_steepness)=(0, 0, 0.00000000000000000000e+000) (0, 0, 0.00000000000000000000e+000) (0, 0, 0.00000000000000000000e+000) (0, 0, 0.00000000000000000000e+000) (0, 0, 0.00000000000000000000e+000) (0, 0, 0.00000000000000000000e+000) (0, 0, 0.00000000000000000000e+000) (0, 0, 0.00000000000000000000e+000) (0, 0, 0.00000000000000000000e+000) (9, 6, 5.00000000000000000000e-001) (9, 6, 5.00000000000000000000e-001) (9, 6, 5.00000000000000000000e-001) (0, 6, 0.00000000000000000000e+000) (4, 6, 5.00000000000000000000e-001) (4, 6, 5.00000000000000000000e-001) (4, 6, 5.00000000000000000000e-001) (4, 6, 5.00000000000000000000e-001) (4, 6, 5.00000000000000000000e-001) (0, 6, 0.00000000000000000000e+000) 
connections (connected_to_neuron, weight)=(0, -4.83265304730036500000e+000) (1, 1.74785597730500350000e+000) (2, -2.79359205399362010000e+000) (3, -2.02053298538051290000e-001) (4, -1.23047858498431920000e+001) (5, 2.19629167333435120000e+001) (6, -5.59899520648381710000e+000) (7, 3.53420433236347980000e+000) (8, 1.31978301087264200000e+000) (0, -3.32524668499837220000e+000) (1, 1.44944128594337270000e+000) (2, -1.16993425912932400000e+000) (3, 1.10894557433799970000e-001) (4, -7.39485636672843420000e+000) (5, 1.06649562670992620000e+001) (6, -1.50037817270005160000e+000) (7, 1.33050891960215290000e+000) (8, 5.47793733932848580000e-001) (0, -9.79133519651859020000e-001) (1, 3.10835307029912410000e-001) (2, -3.89765767094685690000e-001) (3, 2.39860194999535650000e-001) (4, -1.91607287018854430000e+000) (5, 2.48072024024032520000e+000) (6, -4.02746351199174070000e-001) (7, 8.02498393675370350000e-001) (8, 2.81482832283064090000e-001) (9, -1.16818272598137640000e+000) (10, 1.12267773511956340000e+000) (11, 1.77404216055438680000e+000) (12, 7.20342670892498370000e-001) (9, 3.15071167219872660000e-001) (10, 1.21605281183617460000e+000) (11, -4.56034749330803460000e+000) (12, 9.50530056366347020000e-001) (9, -6.75828580049767650000e-002) (10, 1.00595442754322580000e-001) (11, 8.15280179999368970000e-001) (12, 9.03470572159346120000e-001) (9, 8.64937026049053200000e-001) (10, 2.53700633257470610000e-001) (11, -5.17984170094753880000e+000) (12, 1.13850704847451260000e+000) (9, 1.32802897961964050000e+000) (10, -3.16707095833163300000e+000) (11, 4.09597945612132360000e+000) (12, 5.98648244576058810000e-001) 
