FANN_FLO_2.1
num_layers=3
learning_rate=0.700000
connection_rate=1.000000
network_type=0
learning_momentum=0.000000
training_algorithm=2
train_error_function=1
train_stop_function=0
cascade_output_change_fraction=0.010000
quickprop_decay=-0.000100
quickprop_mu=1.750000
rprop_increase_factor=1.200000
rprop_decrease_factor=0.500000
rprop_delta_min=0.000000
rprop_delta_max=50.000000
rprop_delta_zero=0.100000
cascade_output_stagnation_epochs=12
cascade_candidate_change_fraction=0.010000
cascade_candidate_stagnation_epochs=12
cascade_max_out_epochs=150
cascade_max_cand_epochs=150
cascade_num_candidate_groups=2
bit_fail_limit=3.49999999999999980000e-001
cascade_candidate_limit=1.00000000000000000000e+003
cascade_weight_multiplier=4.00000000000000020000e-001
cascade_activation_functions_count=10
cascade_activation_functions=3 5 7 8 10 11 14 15 16 17 
cascade_activation_steepnesses_count=4
cascade_activation_steepnesses=2.50000000000000000000e-001 5.00000000000000000000e-001 7.50000000000000000000e-001 1.00000000000000000000e+000 
layer_sizes=9 4 6 
scale_included=0
neurons (num_inputs, activation_function, activation_steepness)=(0, 0, 0.00000000000000000000e+000) (0, 0, 0.00000000000000000000e+000) (0, 0, 0.00000000000000000000e+000) (0, 0, 0.00000000000000000000e+000) (0, 0, 0.00000000000000000000e+000) (0, 0, 0.00000000000000000000e+000) (0, 0, 0.00000000000000000000e+000) (0, 0, 0.00000000000000000000e+000) (0, 0, 0.00000000000000000000e+000) (9, 6, 5.00000000000000000000e-001) (9, 6, 5.00000000000000000000e-001) (9, 6, 5.00000000000000000000e-001) (0, 6, 0.00000000000000000000e+000) (4, 6, 5.00000000000000000000e-001) (4, 6, 5.00000000000000000000e-001) (4, 6, 5.00000000000000000000e-001) (4, 6, 5.00000000000000000000e-001) (4, 6, 5.00000000000000000000e-001) (0, 6, 0.00000000000000000000e+000) 
connections (connected_to_neuron, weight)=(0, -4.19584599514251760000e+001) (1, 2.85914580921358170000e+001) (2, -9.85232117538981950000e+001) (3, -9.74422607765081780000e+001) (4, -5.08468994203122410000e+001) (5, 3.84035501168674950000e+002) (6, -2.97267644374494860000e+002) (7, 4.33547523798635500000e+002) (8, 2.18546478218752290000e+001) (0, 1.91308590186470480000e+000) (1, -1.66560776029293730000e+000) (2, 1.37864704690401860000e+000) (3, -6.90401291507180990000e-001) (4, 4.80891380124778140000e+000) (5, -6.50142219113997390000e+000) (6, 1.71317103017761200000e+000) (7, -1.15118664217803920000e+000) (8, -5.01268376452910450000e-001) (0, 6.50006580364911990000e+000) (1, -6.88607940243469140000e+000) (2, 8.35072151896599380000e+000) (3, 2.45644289239738050000e+000) (4, 2.02308393755248480000e+001) (5, -4.63136807817851870000e+001) (6, 1.93878997747504050000e+001) (7, -8.12258201279381890000e+000) (8, -2.70581601740835610000e+000) (9, 9.75445665301105240000e-002) (10, -1.52453693038311400000e+000) (11, 6.76121807592464650000e-001) (12, 7.08458159364860340000e-001) (9, -1.65408478055783570000e-001) (10, 8.27651637501853440000e-001) (11, -6.14672302630323690000e-001) (12, 6.73750903859464900000e-001) (9, 3.64256609413448130000e-002) (10, -6.82595874658079920000e-001) (11, 1.31845627240774560000e-001) (12, 9.15682802106486000000e-001) (9, -6.34011360937834280000e-001) (10, 1.91792989091086000000e+000) (11, -1.02498005876871460000e+000) (12, 1.22484518666499540000e+000) (9, 1.94626593142073760000e-001) (10, 3.64868235389331940000e-001) (11, 2.03141936290935150000e-002) (12, 9.71562599122978380000e-001) 
