FANN_FLO_2.1
num_layers=3
learning_rate=0.700000
connection_rate=1.000000
network_type=0
learning_momentum=0.000000
training_algorithm=2
train_error_function=1
train_stop_function=0
cascade_output_change_fraction=0.010000
quickprop_decay=-0.000100
quickprop_mu=1.750000
rprop_increase_factor=1.200000
rprop_decrease_factor=0.500000
rprop_delta_min=0.000000
rprop_delta_max=50.000000
rprop_delta_zero=0.100000
cascade_output_stagnation_epochs=12
cascade_candidate_change_fraction=0.010000
cascade_candidate_stagnation_epochs=12
cascade_max_out_epochs=150
cascade_max_cand_epochs=150
cascade_num_candidate_groups=2
bit_fail_limit=3.49999999999999980000e-001
cascade_candidate_limit=1.00000000000000000000e+003
cascade_weight_multiplier=4.00000000000000020000e-001
cascade_activation_functions_count=10
cascade_activation_functions=3 5 7 8 10 11 14 15 16 17 
cascade_activation_steepnesses_count=4
cascade_activation_steepnesses=2.50000000000000000000e-001 5.00000000000000000000e-001 7.50000000000000000000e-001 1.00000000000000000000e+000 
layer_sizes=9 4 6 
scale_included=0
neurons (num_inputs, activation_function, activation_steepness)=(0, 0, 0.00000000000000000000e+000) (0, 0, 0.00000000000000000000e+000) (0, 0, 0.00000000000000000000e+000) (0, 0, 0.00000000000000000000e+000) (0, 0, 0.00000000000000000000e+000) (0, 0, 0.00000000000000000000e+000) (0, 0, 0.00000000000000000000e+000) (0, 0, 0.00000000000000000000e+000) (0, 0, 0.00000000000000000000e+000) (9, 6, 5.00000000000000000000e-001) (9, 6, 5.00000000000000000000e-001) (9, 6, 5.00000000000000000000e-001) (0, 6, 0.00000000000000000000e+000) (4, 6, 5.00000000000000000000e-001) (4, 6, 5.00000000000000000000e-001) (4, 6, 5.00000000000000000000e-001) (4, 6, 5.00000000000000000000e-001) (4, 6, 5.00000000000000000000e-001) (0, 6, 0.00000000000000000000e+000) 
connections (connected_to_neuron, weight)=(0, 6.81238544158004360000e+000) (1, -5.80053485656727030000e+000) (2, 4.42800012385732260000e+000) (3, -9.01919351899247880000e+000) (4, 1.34549578522121620000e+001) (5, -5.49333183841286130000e+000) (6, -7.70963980142624370000e+000) (7, -1.33410289619983470000e+001) (8, 6.94142505956800830000e-001) (0, 4.59783534098040960000e-001) (1, -9.18845163400941470000e-001) (2, 4.83838190806027520000e-001) (3, 2.67084553190860440000e-001) (4, 1.07611188417833170000e+000) (5, -1.74550720386484580000e+000) (6, 1.14565975260247300000e+000) (7, -1.20863621808761450000e+000) (8, 7.72735184377977140000e-002) (0, 1.15240859208551510000e-001) (1, -1.07652116110483750000e+000) (2, 2.35509492223435780000e-001) (3, 2.46655372277218410000e+000) (4, 3.78797905025003930000e-001) (5, -3.51029279306189720000e+000) (6, 3.16700820657767680000e+000) (7, -4.53110642147340760000e-001) (8, 2.53841181931694710000e-002) (9, -1.70619806433177760000e-001) (10, 5.93062587424299400000e-001) (11, 1.56771721952712160000e-001) (12, 5.98065024444889510000e-001) (9, -2.95270770096905610000e-001) (10, 1.66465358657450600000e+000) (11, -2.11038098208662820000e+000) (12, 9.03024045895834400000e-001) (9, 2.16309969060501650000e-001) (10, -3.72438979236166510000e+000) (11, 1.37674688054533200000e+000) (12, 1.03707997260995270000e+000) (9, -1.12569283807452400000e-001) (10, 2.66957153513908900000e+000) (11, -1.11223507278330320000e+000) (12, 9.75642084475881410000e-001) (9, 5.89986657617374570000e-001) (10, -4.50877314123237840000e+000) (11, 2.21981260005276090000e+000) (12, 1.03043259588397080000e+000) 
