FANN_FLO_2.1
num_layers=3
learning_rate=0.700000
connection_rate=1.000000
network_type=0
learning_momentum=0.000000
training_algorithm=2
train_error_function=1
train_stop_function=0
cascade_output_change_fraction=0.010000
quickprop_decay=-0.000100
quickprop_mu=1.750000
rprop_increase_factor=1.200000
rprop_decrease_factor=0.500000
rprop_delta_min=0.000000
rprop_delta_max=50.000000
rprop_delta_zero=0.100000
cascade_output_stagnation_epochs=12
cascade_candidate_change_fraction=0.010000
cascade_candidate_stagnation_epochs=12
cascade_max_out_epochs=150
cascade_max_cand_epochs=150
cascade_num_candidate_groups=2
bit_fail_limit=3.49999999999999980000e-001
cascade_candidate_limit=1.00000000000000000000e+003
cascade_weight_multiplier=4.00000000000000020000e-001
cascade_activation_functions_count=10
cascade_activation_functions=3 5 7 8 10 11 14 15 16 17 
cascade_activation_steepnesses_count=4
cascade_activation_steepnesses=2.50000000000000000000e-001 5.00000000000000000000e-001 7.50000000000000000000e-001 1.00000000000000000000e+000 
layer_sizes=9 4 6 
scale_included=0
neurons (num_inputs, activation_function, activation_steepness)=(0, 0, 0.00000000000000000000e+000) (0, 0, 0.00000000000000000000e+000) (0, 0, 0.00000000000000000000e+000) (0, 0, 0.00000000000000000000e+000) (0, 0, 0.00000000000000000000e+000) (0, 0, 0.00000000000000000000e+000) (0, 0, 0.00000000000000000000e+000) (0, 0, 0.00000000000000000000e+000) (0, 0, 0.00000000000000000000e+000) (9, 6, 5.00000000000000000000e-001) (9, 6, 5.00000000000000000000e-001) (9, 6, 5.00000000000000000000e-001) (0, 6, 0.00000000000000000000e+000) (4, 6, 5.00000000000000000000e-001) (4, 6, 5.00000000000000000000e-001) (4, 6, 5.00000000000000000000e-001) (4, 6, 5.00000000000000000000e-001) (4, 6, 5.00000000000000000000e-001) (0, 6, 0.00000000000000000000e+000) 
connections (connected_to_neuron, weight)=(0, -8.32451902868444900000e+000) (1, 6.13716478146694210000e+000) (2, -1.10756867264130500000e+001) (3, 2.80298336210068510000e+001) (4, -2.27288637994107320000e+001) (5, 1.22085944108022280000e+001) (6, 6.76257638291829100000e+000) (7, -7.41072468295377650000e-001) (8, 3.68549008783556340000e+000) (0, -1.50000000000000000000e+003) (1, 1.38318439606990180000e+003) (2, 4.24455830139315960000e+001) (3, -2.81747684802827960000e+002) (4, -1.50000000000000000000e+003) (5, 1.12133084476079220000e+003) (6, -1.44843994801145810000e+002) (7, -1.67533021421453010000e+002) (8, 5.40165695471947420000e+000) (0, 6.11880263746452260000e+000) (1, -1.75201716268915870000e+000) (2, 5.86173062000732780000e+000) (3, -1.94743449973586600000e+001) (4, 1.44430133056121830000e+001) (5, -1.49609472049345960000e+000) (6, -9.60894766531082920000e+000) (7, 2.43634936317641900000e-002) (8, -3.34259393515555780000e+000) (9, -6.11529175216083190000e-001) (10, 1.09029685740863400000e-002) (11, -8.64835351453891340000e-001) (12, 3.62078510876571390000e-001) (9, 1.21902615489523570000e+000) (10, 6.10893230790976880000e-002) (11, 1.48806958160225800000e+000) (12, 1.08744547035411900000e+000) (9, 3.48217073534485720000e-001) (10, 3.41103877919163440000e-002) (11, 1.83000748376826700000e-001) (12, 8.49785744962240690000e-001) (9, 1.03204024703304740000e+000) (10, -4.15145919771443270000e-002) (11, 1.47355178545990890000e+000) (12, 1.38572357789157110000e+000) (9, 6.61428350585911100000e-001) (10, -6.47024426439775920000e-002) (11, 7.61671490655619570000e-001) (12, 1.12475176717117580000e+000) 
