FANN_FLO_2.1
num_layers=3
learning_rate=0.700000
connection_rate=1.000000
network_type=0
learning_momentum=0.000000
training_algorithm=2
train_error_function=1
train_stop_function=0
cascade_output_change_fraction=0.010000
quickprop_decay=-0.000100
quickprop_mu=1.750000
rprop_increase_factor=1.200000
rprop_decrease_factor=0.500000
rprop_delta_min=0.000000
rprop_delta_max=50.000000
rprop_delta_zero=0.100000
cascade_output_stagnation_epochs=12
cascade_candidate_change_fraction=0.010000
cascade_candidate_stagnation_epochs=12
cascade_max_out_epochs=150
cascade_max_cand_epochs=150
cascade_num_candidate_groups=2
bit_fail_limit=3.49999999999999980000e-001
cascade_candidate_limit=1.00000000000000000000e+003
cascade_weight_multiplier=4.00000000000000020000e-001
cascade_activation_functions_count=10
cascade_activation_functions=3 5 7 8 10 11 14 15 16 17 
cascade_activation_steepnesses_count=4
cascade_activation_steepnesses=2.50000000000000000000e-001 5.00000000000000000000e-001 7.50000000000000000000e-001 1.00000000000000000000e+000 
layer_sizes=9 4 6 
scale_included=0
neurons (num_inputs, activation_function, activation_steepness)=(0, 0, 0.00000000000000000000e+000) (0, 0, 0.00000000000000000000e+000) (0, 0, 0.00000000000000000000e+000) (0, 0, 0.00000000000000000000e+000) (0, 0, 0.00000000000000000000e+000) (0, 0, 0.00000000000000000000e+000) (0, 0, 0.00000000000000000000e+000) (0, 0, 0.00000000000000000000e+000) (0, 0, 0.00000000000000000000e+000) (9, 6, 5.00000000000000000000e-001) (9, 6, 5.00000000000000000000e-001) (9, 6, 5.00000000000000000000e-001) (0, 6, 0.00000000000000000000e+000) (4, 6, 5.00000000000000000000e-001) (4, 6, 5.00000000000000000000e-001) (4, 6, 5.00000000000000000000e-001) (4, 6, 5.00000000000000000000e-001) (4, 6, 5.00000000000000000000e-001) (0, 6, 0.00000000000000000000e+000) 
connections (connected_to_neuron, weight)=(0, -1.75305469027102840000e+001) (1, 2.67809988376716260000e+000) (2, -3.94176102230358790000e+001) (3, -3.33819395610585090000e+001) (4, -1.94150169116254720000e+001) (5, 1.46503697974115450000e+002) (6, -1.05607702405897310000e+002) (7, 1.43435211749233130000e+002) (8, 1.00209809162287420000e+001) (0, -6.88620970971825400000e+000) (1, 5.07864904302704190000e+000) (2, -8.88214723120760040000e+000) (3, -2.09530345661664440000e+000) (4, -2.06613483287280670000e+001) (5, 5.08624496004855690000e+001) (6, -2.17456992603769980000e+001) (7, 8.52005881025901600000e+000) (8, 2.99773510753057510000e+000) (0, 1.85109013278763920000e+000) (1, -1.42355213249340570000e+000) (2, 9.54385106295619900000e-001) (3, -8.99754963965617380000e-001) (4, 4.60763198356945840000e+000) (5, -5.65487610335495900000e+000) (6, 1.35971711838029300000e+000) (7, -7.87135287561855580000e-001) (8, -2.95561329516156100000e-001) (9, 1.40574809906496930000e-001) (10, -5.94235461156362280000e-001) (11, -1.35699455322426090000e+000) (12, 7.85793112746316580000e-001) (9, -2.26111368449553480000e-001) (10, 5.55952395249541320000e-001) (11, 6.61294522939072870000e-001) (12, 6.61800352951991580000e-001) (9, 2.54131884377699620000e-002) (10, -8.15956201509589470000e-002) (11, -6.22649372644749620000e-001) (12, 9.59751123404861790000e-001) (9, -8.03994568586543390000e-001) (10, 1.04992672384189590000e+000) (11, 1.87086984690435540000e+000) (12, 1.14563127434154220000e+000) (9, 1.79363047590048120000e-001) (10, 5.26385014532168990000e-002) (11, 5.03742037463453250000e-001) (12, 9.07824008552178820000e-001) 
