FANN_FLO_2.1
num_layers=3
learning_rate=0.700000
connection_rate=1.000000
network_type=0
learning_momentum=0.000000
training_algorithm=2
train_error_function=1
train_stop_function=0
cascade_output_change_fraction=0.010000
quickprop_decay=-0.000100
quickprop_mu=1.750000
rprop_increase_factor=1.200000
rprop_decrease_factor=0.500000
rprop_delta_min=0.000000
rprop_delta_max=50.000000
rprop_delta_zero=0.100000
cascade_output_stagnation_epochs=12
cascade_candidate_change_fraction=0.010000
cascade_candidate_stagnation_epochs=12
cascade_max_out_epochs=150
cascade_max_cand_epochs=150
cascade_num_candidate_groups=2
bit_fail_limit=3.49999999999999980000e-001
cascade_candidate_limit=1.00000000000000000000e+003
cascade_weight_multiplier=4.00000000000000020000e-001
cascade_activation_functions_count=10
cascade_activation_functions=3 5 7 8 10 11 14 15 16 17 
cascade_activation_steepnesses_count=4
cascade_activation_steepnesses=2.50000000000000000000e-001 5.00000000000000000000e-001 7.50000000000000000000e-001 1.00000000000000000000e+000 
layer_sizes=9 4 6 
scale_included=0
neurons (num_inputs, activation_function, activation_steepness)=(0, 0, 0.00000000000000000000e+000) (0, 0, 0.00000000000000000000e+000) (0, 0, 0.00000000000000000000e+000) (0, 0, 0.00000000000000000000e+000) (0, 0, 0.00000000000000000000e+000) (0, 0, 0.00000000000000000000e+000) (0, 0, 0.00000000000000000000e+000) (0, 0, 0.00000000000000000000e+000) (0, 0, 0.00000000000000000000e+000) (9, 6, 5.00000000000000000000e-001) (9, 6, 5.00000000000000000000e-001) (9, 6, 5.00000000000000000000e-001) (0, 6, 0.00000000000000000000e+000) (4, 6, 5.00000000000000000000e-001) (4, 6, 5.00000000000000000000e-001) (4, 6, 5.00000000000000000000e-001) (4, 6, 5.00000000000000000000e-001) (4, 6, 5.00000000000000000000e-001) (0, 6, 0.00000000000000000000e+000) 
connections (connected_to_neuron, weight)=(0, -1.88712229405603190000e+000) (1, -1.40388424278617890000e+001) (2, -6.75217563253982260000e+000) (3, 3.91226859338042770000e+001) (4, 1.63405094407000820000e+001) (5, -2.53588316675479710000e+001) (6, -2.65929190246950530000e+001) (7, 2.86623992996642480000e+001) (8, -1.08381633544158080000e+000) (0, -2.01958012804499680000e+000) (1, -1.65339418504533440000e+000) (2, -1.65959234051547560000e+000) (3, 7.90743897407083640000e+000) (4, -1.99704691734368760000e+000) (5, 2.53807694801937660000e+000) (6, -3.59749721107310450000e+000) (7, 4.98356892794988400000e+000) (8, 3.84644809423052180000e-001) (0, 5.18861977532790690000e+000) (1, -7.52622783362820510000e-001) (2, 3.40473655551971710000e+000) (3, -2.07087148580844980000e+000) (4, 1.61083342031129070000e+001) (5, -3.08820215322971200000e+001) (6, 5.37497198690060160000e+000) (7, -2.81021886178703050000e+000) (8, -1.31353871131138990000e+000) (9, -4.13256763069490550000e-001) (10, 1.66503706472770370000e+000) (11, 5.91984192329567120000e-001) (12, 4.05313505677510450000e-001) (9, 4.28970568458885480000e-001) (10, -1.77456514747310520000e+000) (11, -8.33204279232900860000e-001) (12, 9.04354127590185080000e-001) (9, 1.79858944541929010000e-002) (10, 8.50827256219820190000e-003) (11, -1.78972941683864540000e-001) (12, 8.98861577697899650000e-001) (9, 5.86699182653620200000e-001) (10, -2.12626124742632780000e+000) (11, -6.99074461166780630000e-001) (12, 1.29817057670796650000e+000) (9, 6.04459323804729550000e-001) (10, -1.61670162523579240000e+000) (11, -5.53753859050679530000e-001) (12, 1.34516389853135480000e+000) 
