FANN_FLO_2.1
num_layers=3
learning_rate=0.700000
connection_rate=1.000000
network_type=0
learning_momentum=0.000000
training_algorithm=2
train_error_function=1
train_stop_function=0
cascade_output_change_fraction=0.010000
quickprop_decay=-0.000100
quickprop_mu=1.750000
rprop_increase_factor=1.200000
rprop_decrease_factor=0.500000
rprop_delta_min=0.000000
rprop_delta_max=50.000000
rprop_delta_zero=0.100000
cascade_output_stagnation_epochs=12
cascade_candidate_change_fraction=0.010000
cascade_candidate_stagnation_epochs=12
cascade_max_out_epochs=150
cascade_max_cand_epochs=150
cascade_num_candidate_groups=2
bit_fail_limit=3.49999999999999980000e-001
cascade_candidate_limit=1.00000000000000000000e+003
cascade_weight_multiplier=4.00000000000000020000e-001
cascade_activation_functions_count=10
cascade_activation_functions=3 5 7 8 10 11 14 15 16 17 
cascade_activation_steepnesses_count=4
cascade_activation_steepnesses=2.50000000000000000000e-001 5.00000000000000000000e-001 7.50000000000000000000e-001 1.00000000000000000000e+000 
layer_sizes=9 4 6 
scale_included=0
neurons (num_inputs, activation_function, activation_steepness)=(0, 0, 0.00000000000000000000e+000) (0, 0, 0.00000000000000000000e+000) (0, 0, 0.00000000000000000000e+000) (0, 0, 0.00000000000000000000e+000) (0, 0, 0.00000000000000000000e+000) (0, 0, 0.00000000000000000000e+000) (0, 0, 0.00000000000000000000e+000) (0, 0, 0.00000000000000000000e+000) (0, 0, 0.00000000000000000000e+000) (9, 6, 5.00000000000000000000e-001) (9, 6, 5.00000000000000000000e-001) (9, 6, 5.00000000000000000000e-001) (0, 6, 0.00000000000000000000e+000) (4, 6, 5.00000000000000000000e-001) (4, 6, 5.00000000000000000000e-001) (4, 6, 5.00000000000000000000e-001) (4, 6, 5.00000000000000000000e-001) (4, 6, 5.00000000000000000000e-001) (0, 6, 0.00000000000000000000e+000) 
connections (connected_to_neuron, weight)=(0, 4.71885698113095220000e+000) (1, -3.52108839978264140000e+000) (2, 4.09746961824472680000e+000) (3, -2.44969193262025350000e+000) (4, 1.06461539347277370000e+001) (5, -1.58346686857820360000e+001) (6, -2.32988657163757920000e+000) (7, -8.78454731669214620000e-001) (8, -9.78093904729053550000e-001) (0, -2.93603023283207690000e+000) (1, 3.95110254467892960000e+000) (2, -6.46786033655470940000e+000) (3, 8.51504162792346440000e+000) (4, -4.99088419044175600000e+000) (5, -4.54764973918296180000e+000) (6, 8.65255861322102680000e+000) (7, 3.95823993103702420000e+000) (8, 3.31942442978306440000e-001) (0, -3.20273617455959230000e-001) (1, -3.39926085786932180000e+000) (2, 8.52200595399082420000e+000) (3, -1.37875281623501920000e+001) (4, -3.69407728322698860000e+000) (5, 2.52522094407442130000e+001) (6, -1.20493770373858810000e+001) (7, -9.03312370901211280000e+000) (8, -9.80058942232675810000e-002) (9, 1.52334792567114510000e+000) (10, 2.34466965118224600000e+000) (11, 1.24091519956630330000e+000) (12, 9.64184750776597820000e-001) (9, -1.41353865098571710000e+000) (10, -1.84841828925883320000e+000) (11, -8.76264987764317380000e-001) (12, 4.45763260423689410000e-001) (9, -2.86915882355578860000e-001) (10, -1.31565940462563450000e-001) (11, -6.40269323873711440000e-002) (12, 8.79760452571271890000e-001) (9, -1.39500974456481910000e+000) (10, -2.23955148603361560000e+000) (11, -1.22297003350097570000e+000) (12, 6.75782743380358040000e-001) (9, -1.18206734890177720000e+000) (10, -1.82922363656933310000e+000) (11, -1.07808593806333300000e+000) (12, 7.65337044482926610000e-001) 
