FANN_FLO_2.1
num_layers=3
learning_rate=0.700000
connection_rate=1.000000
network_type=0
learning_momentum=0.000000
training_algorithm=2
train_error_function=1
train_stop_function=0
cascade_output_change_fraction=0.010000
quickprop_decay=-0.000100
quickprop_mu=1.750000
rprop_increase_factor=1.200000
rprop_decrease_factor=0.500000
rprop_delta_min=0.000000
rprop_delta_max=50.000000
rprop_delta_zero=0.100000
cascade_output_stagnation_epochs=12
cascade_candidate_change_fraction=0.010000
cascade_candidate_stagnation_epochs=12
cascade_max_out_epochs=150
cascade_max_cand_epochs=150
cascade_num_candidate_groups=2
bit_fail_limit=3.49999999999999980000e-001
cascade_candidate_limit=1.00000000000000000000e+003
cascade_weight_multiplier=4.00000000000000020000e-001
cascade_activation_functions_count=10
cascade_activation_functions=3 5 7 8 10 11 14 15 16 17 
cascade_activation_steepnesses_count=4
cascade_activation_steepnesses=2.50000000000000000000e-001 5.00000000000000000000e-001 7.50000000000000000000e-001 1.00000000000000000000e+000 
layer_sizes=9 4 6 
scale_included=0
neurons (num_inputs, activation_function, activation_steepness)=(0, 0, 0.00000000000000000000e+000) (0, 0, 0.00000000000000000000e+000) (0, 0, 0.00000000000000000000e+000) (0, 0, 0.00000000000000000000e+000) (0, 0, 0.00000000000000000000e+000) (0, 0, 0.00000000000000000000e+000) (0, 0, 0.00000000000000000000e+000) (0, 0, 0.00000000000000000000e+000) (0, 0, 0.00000000000000000000e+000) (9, 6, 5.00000000000000000000e-001) (9, 6, 5.00000000000000000000e-001) (9, 6, 5.00000000000000000000e-001) (0, 6, 0.00000000000000000000e+000) (4, 6, 5.00000000000000000000e-001) (4, 6, 5.00000000000000000000e-001) (4, 6, 5.00000000000000000000e-001) (4, 6, 5.00000000000000000000e-001) (4, 6, 5.00000000000000000000e-001) (0, 6, 0.00000000000000000000e+000) 
connections (connected_to_neuron, weight)=(0, -1.67831289293993650000e+000) (1, 1.35421601022226270000e+000) (2, -1.17380268922962450000e+000) (3, 8.53161265222499130000e-001) (4, -4.11515273674254270000e+000) (5, 5.54182837029464360000e+000) (6, -1.06256422590010890000e+000) (7, 8.22764070530757730000e-001) (8, 7.86767328404730180000e-001) (0, -5.37750095196576300000e+001) (1, 3.57495588208204400000e+001) (2, -1.27962748787722010000e+002) (3, -1.24985530092598000000e+002) (4, -6.43968334416313870000e+001) (5, 4.95353142275074110000e+002) (6, -3.84918446067866280000e+002) (7, 5.63282439176698290000e+002) (8, 2.80291701969665610000e+001) (0, -6.43006157433695160000e+000) (1, 6.44426049679969460000e+000) (2, -8.03560909602741270000e+000) (3, -1.33780105611387090000e+000) (4, -1.95616932922093200000e+001) (5, 4.40261298799130500000e+001) (6, -1.70502882146578860000e+001) (7, 6.94959754540128840000e+000) (8, 2.64502444334025280000e+000) (9, 1.69108920911223650000e+000) (10, 8.29872315070388360000e-002) (11, -6.52901176562188050000e-001) (12, 4.35651266203385290000e-001) (9, -1.11702609434006830000e+000) (10, -1.63669231525137630000e-001) (11, 6.84536436982321360000e-001) (12, 8.31741804705906640000e-001) (9, 7.29584609999194060000e-001) (10, 2.79250019467774010000e-002) (11, -1.07011365718273400000e-001) (12, 7.94514805539679680000e-001) (9, -2.21304679444645470000e+000) (10, -6.25379445229526600000e-001) (11, 1.03321732402732860000e+000) (12, 1.57824125323074420000e+000) (9, -3.95761326273504470000e-001) (10, 1.83563022984772730000e-001) (11, -2.02904055315158640000e-002) (12, 1.04230585902951200000e+000) 
