FANN_FLO_2.1
num_layers=3
learning_rate=0.700000
connection_rate=1.000000
network_type=0
learning_momentum=0.000000
training_algorithm=2
train_error_function=1
train_stop_function=0
cascade_output_change_fraction=0.010000
quickprop_decay=-0.000100
quickprop_mu=1.750000
rprop_increase_factor=1.200000
rprop_decrease_factor=0.500000
rprop_delta_min=0.000000
rprop_delta_max=50.000000
rprop_delta_zero=0.100000
cascade_output_stagnation_epochs=12
cascade_candidate_change_fraction=0.010000
cascade_candidate_stagnation_epochs=12
cascade_max_out_epochs=150
cascade_max_cand_epochs=150
cascade_num_candidate_groups=2
bit_fail_limit=3.49999999999999980000e-001
cascade_candidate_limit=1.00000000000000000000e+003
cascade_weight_multiplier=4.00000000000000020000e-001
cascade_activation_functions_count=10
cascade_activation_functions=3 5 7 8 10 11 14 15 16 17 
cascade_activation_steepnesses_count=4
cascade_activation_steepnesses=2.50000000000000000000e-001 5.00000000000000000000e-001 7.50000000000000000000e-001 1.00000000000000000000e+000 
layer_sizes=9 4 6 
scale_included=0
neurons (num_inputs, activation_function, activation_steepness)=(0, 0, 0.00000000000000000000e+000) (0, 0, 0.00000000000000000000e+000) (0, 0, 0.00000000000000000000e+000) (0, 0, 0.00000000000000000000e+000) (0, 0, 0.00000000000000000000e+000) (0, 0, 0.00000000000000000000e+000) (0, 0, 0.00000000000000000000e+000) (0, 0, 0.00000000000000000000e+000) (0, 0, 0.00000000000000000000e+000) (9, 6, 5.00000000000000000000e-001) (9, 6, 5.00000000000000000000e-001) (9, 6, 5.00000000000000000000e-001) (0, 6, 0.00000000000000000000e+000) (4, 6, 5.00000000000000000000e-001) (4, 6, 5.00000000000000000000e-001) (4, 6, 5.00000000000000000000e-001) (4, 6, 5.00000000000000000000e-001) (4, 6, 5.00000000000000000000e-001) (0, 6, 0.00000000000000000000e+000) 
connections (connected_to_neuron, weight)=(0, -2.54377457503840980000e+000) (1, -1.51012515852151210000e+000) (2, -1.86436716753139730000e+000) (3, 9.07971415053143890000e+000) (4, -3.60447574193935690000e+000) (5, 3.38703856724163900000e+000) (6, -3.55420665172931870000e+000) (7, 5.15276954956514550000e+000) (8, 3.30411469158843900000e-001) (0, 2.32493820452014880000e+000) (1, 1.42412835681871070000e+001) (2, 7.54476621944445560000e+000) (3, -4.35898330816793940000e+001) (4, -1.06548793210702060000e+001) (5, 2.60260815346959720000e+001) (6, 2.62438368448882960000e+001) (7, -2.97213314761333650000e+001) (8, 1.01583483888340290000e+000) (0, 5.53194838412652160000e+000) (1, -6.85822025165954250000e-001) (2, 3.23789559367358400000e+000) (3, -3.30326770002944330000e+000) (4, 1.53389453048221950000e+001) (5, -2.88981634943968470000e+001) (6, 4.97102859506642150000e+000) (7, -2.55981453827202140000e+000) (8, -1.29672459588698130000e+000) (9, 1.55011126688258210000e+000) (10, 3.86285076816459680000e-001) (11, 6.46807610353994590000e-001) (12, 5.12666921916908320000e-001) (9, -1.61803689396563330000e+000) (10, -3.74039248804735660000e-001) (11, -8.79597363007994180000e-001) (12, 7.81983202483247370000e-001) (9, 8.44679143665910820000e-002) (10, 4.26870551689204420000e-003) (11, -1.38126872605234740000e-001) (12, 9.00414534083668890000e-001) (9, -2.08810759641342260000e+000) (10, -5.78861749780363640000e-001) (11, -8.26430699000549110000e-001) (12, 1.15868621129755840000e+000) (9, -1.55781984701588240000e+000) (10, -5.71487041239082780000e-001) (11, -6.23790550957420420000e-001) (12, 1.23547464113212620000e+000) 
