FANN_FLO_2.1
num_layers=3
learning_rate=0.700000
connection_rate=1.000000
network_type=0
learning_momentum=0.000000
training_algorithm=2
train_error_function=1
train_stop_function=0
cascade_output_change_fraction=0.010000
quickprop_decay=-0.000100
quickprop_mu=1.750000
rprop_increase_factor=1.200000
rprop_decrease_factor=0.500000
rprop_delta_min=0.000000
rprop_delta_max=50.000000
rprop_delta_zero=0.100000
cascade_output_stagnation_epochs=12
cascade_candidate_change_fraction=0.010000
cascade_candidate_stagnation_epochs=12
cascade_max_out_epochs=150
cascade_max_cand_epochs=150
cascade_num_candidate_groups=2
bit_fail_limit=3.49999999999999980000e-001
cascade_candidate_limit=1.00000000000000000000e+003
cascade_weight_multiplier=4.00000000000000020000e-001
cascade_activation_functions_count=10
cascade_activation_functions=3 5 7 8 10 11 14 15 16 17 
cascade_activation_steepnesses_count=4
cascade_activation_steepnesses=2.50000000000000000000e-001 5.00000000000000000000e-001 7.50000000000000000000e-001 1.00000000000000000000e+000 
layer_sizes=9 4 6 
scale_included=0
neurons (num_inputs, activation_function, activation_steepness)=(0, 0, 0.00000000000000000000e+000) (0, 0, 0.00000000000000000000e+000) (0, 0, 0.00000000000000000000e+000) (0, 0, 0.00000000000000000000e+000) (0, 0, 0.00000000000000000000e+000) (0, 0, 0.00000000000000000000e+000) (0, 0, 0.00000000000000000000e+000) (0, 0, 0.00000000000000000000e+000) (0, 0, 0.00000000000000000000e+000) (9, 6, 5.00000000000000000000e-001) (9, 6, 5.00000000000000000000e-001) (9, 6, 5.00000000000000000000e-001) (0, 6, 0.00000000000000000000e+000) (4, 6, 5.00000000000000000000e-001) (4, 6, 5.00000000000000000000e-001) (4, 6, 5.00000000000000000000e-001) (4, 6, 5.00000000000000000000e-001) (4, 6, 5.00000000000000000000e-001) (0, 6, 0.00000000000000000000e+000) 
connections (connected_to_neuron, weight)=(0, -2.80717793222054980000e-001) (1, 1.43896173711760360000e-001) (2, 1.81332642441705200000e-002) (3, 1.24109229287290650000e+000) (4, -7.13746259868361600000e-001) (5, -8.05390775306509150000e-001) (6, 1.05805655601409200000e+000) (7, 9.75574538362359160000e-002) (8, 1.04891624206251710000e-001) (0, 1.10147964074022850000e+001) (1, -1.96404704570091690000e+001) (2, 1.78148111757849060000e+000) (3, -7.08938684841409740000e+000) (4, 3.13248114632157990000e+001) (5, -2.65985481508582070000e+001) (6, -3.93360817725748510000e+000) (7, -9.03062191546314120000e-002) (8, -4.85560845867503000000e-002) (0, 4.43585772031983790000e-001) (1, -1.20708186793451660000e+000) (2, 5.36916935204303390000e-001) (3, 2.49743980516963890000e-001) (4, 1.19447746689371500000e+000) (5, -2.11275625003327590000e+000) (6, 1.78058827789189270000e+000) (7, -1.12854555400227690000e+000) (8, 1.69448290958938240000e-001) (9, 9.81278223156559770000e-001) (10, -8.26884200618303590000e-002) (11, 9.20654310511406340000e-001) (12, 4.48970899180518520000e-001) (9, -2.49480915224651680000e+000) (10, -1.67234890274442720000e-001) (11, -5.02448564058083800000e-001) (12, 9.97742403769405710000e-001) (9, 1.61300940279521240000e+000) (10, 2.21215167193850940000e-002) (11, -1.31089548244330280000e+000) (12, 1.01292512252651390000e+000) (9, -1.52396154123879750000e+000) (10, -3.84006947954960220000e-002) (11, 1.03231393722395490000e+000) (12, 1.01406516245289600000e+000) (9, 1.69617669737259090000e+000) (10, 3.24355966750429440000e-001) (11, -2.20169042025491770000e+000) (12, 1.17532827947852340000e+000) 
