FANN_FLO_2.1
num_layers=3
learning_rate=0.700000
connection_rate=1.000000
network_type=0
learning_momentum=0.000000
training_algorithm=2
train_error_function=1
train_stop_function=0
cascade_output_change_fraction=0.010000
quickprop_decay=-0.000100
quickprop_mu=1.750000
rprop_increase_factor=1.200000
rprop_decrease_factor=0.500000
rprop_delta_min=0.000000
rprop_delta_max=50.000000
rprop_delta_zero=0.100000
cascade_output_stagnation_epochs=12
cascade_candidate_change_fraction=0.010000
cascade_candidate_stagnation_epochs=12
cascade_max_out_epochs=150
cascade_max_cand_epochs=150
cascade_num_candidate_groups=2
bit_fail_limit=3.49999999999999980000e-001
cascade_candidate_limit=1.00000000000000000000e+003
cascade_weight_multiplier=4.00000000000000020000e-001
cascade_activation_functions_count=10
cascade_activation_functions=3 5 7 8 10 11 14 15 16 17 
cascade_activation_steepnesses_count=4
cascade_activation_steepnesses=2.50000000000000000000e-001 5.00000000000000000000e-001 7.50000000000000000000e-001 1.00000000000000000000e+000 
layer_sizes=9 4 6 
scale_included=0
neurons (num_inputs, activation_function, activation_steepness)=(0, 0, 0.00000000000000000000e+000) (0, 0, 0.00000000000000000000e+000) (0, 0, 0.00000000000000000000e+000) (0, 0, 0.00000000000000000000e+000) (0, 0, 0.00000000000000000000e+000) (0, 0, 0.00000000000000000000e+000) (0, 0, 0.00000000000000000000e+000) (0, 0, 0.00000000000000000000e+000) (0, 0, 0.00000000000000000000e+000) (9, 6, 5.00000000000000000000e-001) (9, 6, 5.00000000000000000000e-001) (9, 6, 5.00000000000000000000e-001) (0, 6, 0.00000000000000000000e+000) (4, 6, 5.00000000000000000000e-001) (4, 6, 5.00000000000000000000e-001) (4, 6, 5.00000000000000000000e-001) (4, 6, 5.00000000000000000000e-001) (4, 6, 5.00000000000000000000e-001) (0, 6, 0.00000000000000000000e+000) 
connections (connected_to_neuron, weight)=(0, 1.18661663797361620000e+001) (1, -2.19026376486016400000e+001) (2, 1.90546377639991890000e+000) (3, -7.92799585750588860000e+000) (4, 3.32833758597326790000e+001) (5, -2.59737835807060230000e+001) (6, -6.55003342843877330000e+000) (7, 2.49168897286513870000e-001) (8, 2.55325612267049380000e-003) (0, 3.20672550770900790000e-001) (1, -3.05987425902132680000e-001) (2, 4.00497267073372870000e-002) (3, -1.23742684300281390000e+000) (4, 8.35139519126932180000e-001) (5, 6.62301963467729290000e-001) (6, -8.78162412380396720000e-001) (7, -2.50631605869397260000e-001) (8, 1.89354132408416530000e-001) (0, -5.79614402519409990000e-001) (1, 1.97125859859861060000e+000) (2, -1.04188673878682870000e+000) (3, -1.30167126402534210000e+000) (4, -1.55612910114722470000e+000) (5, 4.44687376144795630000e+000) (6, -3.70514317192760730000e+000) (7, 1.77601424302622220000e+000) (8, 9.52153507964385690000e-001) (9, -7.24569375764726460000e-002) (10, -6.12024960647637670000e-001) (11, -4.97351170669114440000e-001) (12, 8.37286200721501620000e-001) (9, -1.47378674507841590000e-001) (10, 2.10097000752735140000e+000) (11, 5.11789821894812920000e-001) (12, 4.41179386028780930000e-001) (9, 2.47567074657522730000e-002) (10, -2.05654270813939140000e+000) (11, 6.76005484257399810000e-001) (12, 8.72053594776905920000e-001) (9, -2.56567363840138830000e-002) (10, 1.75058980921398510000e+000) (11, -4.57743336459543570000e-001) (12, 1.06960968510606950000e+000) (9, 3.09304722406153750000e-001) (10, -2.44622764157170190000e+000) (11, 1.06971780234623300000e+000) (12, 8.26920539285213810000e-001) 
