FANN_FLO_2.1
num_layers=3
learning_rate=0.700000
connection_rate=1.000000
network_type=0
learning_momentum=0.000000
training_algorithm=2
train_error_function=1
train_stop_function=0
cascade_output_change_fraction=0.010000
quickprop_decay=-0.000100
quickprop_mu=1.750000
rprop_increase_factor=1.200000
rprop_decrease_factor=0.500000
rprop_delta_min=0.000000
rprop_delta_max=50.000000
rprop_delta_zero=0.100000
cascade_output_stagnation_epochs=12
cascade_candidate_change_fraction=0.010000
cascade_candidate_stagnation_epochs=12
cascade_max_out_epochs=150
cascade_max_cand_epochs=150
cascade_num_candidate_groups=2
bit_fail_limit=3.49999999999999980000e-001
cascade_candidate_limit=1.00000000000000000000e+003
cascade_weight_multiplier=4.00000000000000020000e-001
cascade_activation_functions_count=10
cascade_activation_functions=3 5 7 8 10 11 14 15 16 17 
cascade_activation_steepnesses_count=4
cascade_activation_steepnesses=2.50000000000000000000e-001 5.00000000000000000000e-001 7.50000000000000000000e-001 1.00000000000000000000e+000 
layer_sizes=9 4 6 
scale_included=0
neurons (num_inputs, activation_function, activation_steepness)=(0, 0, 0.00000000000000000000e+000) (0, 0, 0.00000000000000000000e+000) (0, 0, 0.00000000000000000000e+000) (0, 0, 0.00000000000000000000e+000) (0, 0, 0.00000000000000000000e+000) (0, 0, 0.00000000000000000000e+000) (0, 0, 0.00000000000000000000e+000) (0, 0, 0.00000000000000000000e+000) (0, 0, 0.00000000000000000000e+000) (9, 6, 5.00000000000000000000e-001) (9, 6, 5.00000000000000000000e-001) (9, 6, 5.00000000000000000000e-001) (0, 6, 0.00000000000000000000e+000) (4, 6, 5.00000000000000000000e-001) (4, 6, 5.00000000000000000000e-001) (4, 6, 5.00000000000000000000e-001) (4, 6, 5.00000000000000000000e-001) (4, 6, 5.00000000000000000000e-001) (0, 6, 0.00000000000000000000e+000) 
connections (connected_to_neuron, weight)=(0, 8.66264728926789650000e+000) (1, -5.36344896114634380000e+000) (2, 1.83644496713782880000e-002) (3, -6.59817641370988080000e-001) (4, 2.74660493257486460000e+001) (5, -6.91012639050410510000e+001) (6, 4.66668743506988410000e+001) (7, -6.65197958840724370000e+000) (8, -4.52406726803224950000e-002) (0, 4.49716101243385680000e+000) (1, 2.89753079831408740000e+000) (2, 7.28306909931619020000e+000) (3, -8.80294050379149340000e+000) (4, 6.40803908662603130000e+000) (5, -2.92555656857399780000e+001) (6, 3.23152086213210620000e+001) (7, -2.66939393572630800000e+001) (8, -6.14445761457732330000e-001) (0, -1.65103664593477100000e+000) (1, -1.58391340359406160000e+000) (2, -3.35683954488860750000e+000) (3, 4.48417873628217480000e+000) (4, -9.65165587585449570000e-001) (5, 5.84839800559699090000e+000) (6, -9.48024836883682550000e+000) (7, 1.20319870590685200000e+001) (8, 7.60766676591861480000e-001) (9, -2.01356830693510620000e-001) (10, 6.55995739051875360000e-001) (11, 1.12693858111058520000e+000) (12, 3.69760598673714300000e-001) (9, -3.56546874998146380000e-002) (10, -4.28235259253874120000e-001) (11, -7.95867776853877550000e-001) (12, 9.94318008089833170000e-001) (9, -1.65329389938612490000e-001) (10, 2.58850229248981100000e-001) (11, 4.73693531796120610000e-001) (12, 8.95341604606729620000e-001) (9, 5.06806701316546150000e-001) (10, -1.76750651028589560000e+000) (11, -3.10938067685179980000e+000) (12, 1.60559430486733200000e+000) (9, 5.46490569057928810000e-001) (10, -1.30679730064725950000e+000) (11, -1.65342901982027680000e+000) (12, 1.28431424418768760000e+000) 
