FANN_FLO_2.1
num_layers=3
learning_rate=0.700000
connection_rate=1.000000
network_type=0
learning_momentum=0.000000
training_algorithm=2
train_error_function=1
train_stop_function=0
cascade_output_change_fraction=0.010000
quickprop_decay=-0.000100
quickprop_mu=1.750000
rprop_increase_factor=1.200000
rprop_decrease_factor=0.500000
rprop_delta_min=0.000000
rprop_delta_max=50.000000
rprop_delta_zero=0.100000
cascade_output_stagnation_epochs=12
cascade_candidate_change_fraction=0.010000
cascade_candidate_stagnation_epochs=12
cascade_max_out_epochs=150
cascade_max_cand_epochs=150
cascade_num_candidate_groups=2
bit_fail_limit=3.49999999999999980000e-001
cascade_candidate_limit=1.00000000000000000000e+003
cascade_weight_multiplier=4.00000000000000020000e-001
cascade_activation_functions_count=10
cascade_activation_functions=3 5 7 8 10 11 14 15 16 17 
cascade_activation_steepnesses_count=4
cascade_activation_steepnesses=2.50000000000000000000e-001 5.00000000000000000000e-001 7.50000000000000000000e-001 1.00000000000000000000e+000 
layer_sizes=9 4 6 
scale_included=0
neurons (num_inputs, activation_function, activation_steepness)=(0, 0, 0.00000000000000000000e+000) (0, 0, 0.00000000000000000000e+000) (0, 0, 0.00000000000000000000e+000) (0, 0, 0.00000000000000000000e+000) (0, 0, 0.00000000000000000000e+000) (0, 0, 0.00000000000000000000e+000) (0, 0, 0.00000000000000000000e+000) (0, 0, 0.00000000000000000000e+000) (0, 0, 0.00000000000000000000e+000) (9, 6, 5.00000000000000000000e-001) (9, 6, 5.00000000000000000000e-001) (9, 6, 5.00000000000000000000e-001) (0, 6, 0.00000000000000000000e+000) (4, 6, 5.00000000000000000000e-001) (4, 6, 5.00000000000000000000e-001) (4, 6, 5.00000000000000000000e-001) (4, 6, 5.00000000000000000000e-001) (4, 6, 5.00000000000000000000e-001) (0, 6, 0.00000000000000000000e+000) 
connections (connected_to_neuron, weight)=(0, 4.61603633706397790000e+000) (1, -1.61030149111477460000e+000) (2, -1.36616013246420480000e-001) (3, -7.28111090397411150000e+000) (4, 4.23816155671232320000e-001) (5, 3.74755283180362930000e+000) (6, -2.37616437767472100000e+001) (7, 9.03720554394948120000e+000) (8, 1.35541935277466980000e+000) (0, 9.36404265142586010000e-001) (1, -1.00967362500348550000e+000) (2, 4.27310492128261890000e-001) (3, -6.81037629946014020000e-001) (4, 1.48590176975822640000e+000) (5, -1.59631248036601820000e+000) (6, -1.03292187875557740000e+000) (7, -9.29039409309627470000e-001) (8, 4.09440189816518860000e-001) (0, 3.86749187695520650000e+000) (1, -8.63429164468209720000e+000) (2, 3.41762373293943210000e+000) (3, 6.15440297686154820000e+000) (4, 2.07205844171964060000e+001) (5, -2.86762289660215080000e+001) (6, 2.73057936762015640000e+001) (7, -1.99573671293656330000e+001) (8, -4.12260421900130790000e-001) (9, -3.40936114759585570000e-001) (10, 6.86435483656554380000e-001) (11, -9.65488223765837980000e-002) (12, 6.12660266023294150000e-001) (9, -2.34477653962325780000e-001) (10, 1.14486076532106250000e+000) (11, -3.14074775183920130000e-001) (12, 7.20362356080666450000e-001) (9, 1.53736236754256600000e-001) (10, -1.25675742093477540000e+000) (11, -2.01942051001178760000e-003) (12, 1.13618024747834490000e+000) (9, -4.19061519846784750000e-001) (10, 2.58650756977255550000e+000) (11, -2.34134012504390860000e-001) (12, 7.47424826194961090000e-001) (9, 1.13419697704345080000e+000) (10, -4.42551270080621780000e+000) (11, 6.38003286939512580000e-001) (12, 1.36155251515227000000e+000) 
