FANN_FLO_2.1
num_layers=3
learning_rate=0.700000
connection_rate=1.000000
network_type=0
learning_momentum=0.000000
training_algorithm=2
train_error_function=1
train_stop_function=0
cascade_output_change_fraction=0.010000
quickprop_decay=-0.000100
quickprop_mu=1.750000
rprop_increase_factor=1.200000
rprop_decrease_factor=0.500000
rprop_delta_min=0.000000
rprop_delta_max=50.000000
rprop_delta_zero=0.100000
cascade_output_stagnation_epochs=12
cascade_candidate_change_fraction=0.010000
cascade_candidate_stagnation_epochs=12
cascade_max_out_epochs=150
cascade_max_cand_epochs=150
cascade_num_candidate_groups=2
bit_fail_limit=3.49999999999999980000e-001
cascade_candidate_limit=1.00000000000000000000e+003
cascade_weight_multiplier=4.00000000000000020000e-001
cascade_activation_functions_count=10
cascade_activation_functions=3 5 7 8 10 11 14 15 16 17 
cascade_activation_steepnesses_count=4
cascade_activation_steepnesses=2.50000000000000000000e-001 5.00000000000000000000e-001 7.50000000000000000000e-001 1.00000000000000000000e+000 
layer_sizes=9 4 6 
scale_included=0
neurons (num_inputs, activation_function, activation_steepness)=(0, 0, 0.00000000000000000000e+000) (0, 0, 0.00000000000000000000e+000) (0, 0, 0.00000000000000000000e+000) (0, 0, 0.00000000000000000000e+000) (0, 0, 0.00000000000000000000e+000) (0, 0, 0.00000000000000000000e+000) (0, 0, 0.00000000000000000000e+000) (0, 0, 0.00000000000000000000e+000) (0, 0, 0.00000000000000000000e+000) (9, 6, 5.00000000000000000000e-001) (9, 6, 5.00000000000000000000e-001) (9, 6, 5.00000000000000000000e-001) (0, 6, 0.00000000000000000000e+000) (4, 6, 5.00000000000000000000e-001) (4, 6, 5.00000000000000000000e-001) (4, 6, 5.00000000000000000000e-001) (4, 6, 5.00000000000000000000e-001) (4, 6, 5.00000000000000000000e-001) (0, 6, 0.00000000000000000000e+000) 
connections (connected_to_neuron, weight)=(0, 6.66257516134991690000e+000) (1, -2.21412440352629100000e+000) (2, 5.52533062612699590000e+000) (3, -1.23577932830581090000e+001) (4, 3.24035292514262420000e+001) (5, -4.96304065916834030000e+001) (6, -7.63396516608542000000e+000) (7, 1.06417627799836950000e+001) (8, -1.75700305063179840000e+000) (0, -2.94375343551589990000e+000) (1, -2.23498753134489770000e+000) (2, -3.03390432435495990000e+000) (3, 1.24194986136663130000e+001) (4, -8.73950018570401000000e-001) (5, 2.02661606783013950000e+000) (6, -4.21951140385242600000e+000) (7, -4.13866929379613960000e+000) (8, 1.31336369005739060000e+000) (0, 1.91178132722482610000e+000) (1, -3.96201681320299760000e+000) (2, -6.57808454269337320000e-001) (3, 1.98628519334618820000e+000) (4, 1.89657660237230560000e+001) (5, -2.23474594212242900000e+001) (6, -1.35662549902859380000e+001) (7, 3.26370063795243670000e+000) (8, -8.04928312805558540000e-001) (9, 6.17454093592060160000e-001) (10, 7.24499114153258070000e-001) (11, -7.75080732005926750000e-001) (12, 2.76995849725317210000e-001) (9, -1.00724279439767290000e+000) (10, -9.24165932464017790000e-001) (11, 1.08255176578491130000e+000) (12, 1.10726332099605030000e+000) (9, -2.60718069230524210000e-001) (10, -1.51416125156836370000e-002) (11, 2.10654918397316620000e-001) (12, 9.11231865032686050000e-001) (9, -7.74061069071560250000e-001) (10, -9.06106009023976870000e-001) (11, 1.02049665729084430000e+000) (12, 1.42031426844191410000e+000) (9, -2.99107406345598510000e-001) (10, -2.38939645452414030000e-001) (11, 6.31311333504289470000e-001) (12, 1.27206249716209640000e+000) 
