FANN_FLO_2.1
num_layers=3
learning_rate=0.700000
connection_rate=1.000000
network_type=0
learning_momentum=0.000000
training_algorithm=2
train_error_function=1
train_stop_function=0
cascade_output_change_fraction=0.010000
quickprop_decay=-0.000100
quickprop_mu=1.750000
rprop_increase_factor=1.200000
rprop_decrease_factor=0.500000
rprop_delta_min=0.000000
rprop_delta_max=50.000000
rprop_delta_zero=0.100000
cascade_output_stagnation_epochs=12
cascade_candidate_change_fraction=0.010000
cascade_candidate_stagnation_epochs=12
cascade_max_out_epochs=150
cascade_max_cand_epochs=150
cascade_num_candidate_groups=2
bit_fail_limit=3.49999999999999980000e-001
cascade_candidate_limit=1.00000000000000000000e+003
cascade_weight_multiplier=4.00000000000000020000e-001
cascade_activation_functions_count=10
cascade_activation_functions=3 5 7 8 10 11 14 15 16 17 
cascade_activation_steepnesses_count=4
cascade_activation_steepnesses=2.50000000000000000000e-001 5.00000000000000000000e-001 7.50000000000000000000e-001 1.00000000000000000000e+000 
layer_sizes=9 4 6 
scale_included=0
neurons (num_inputs, activation_function, activation_steepness)=(0, 0, 0.00000000000000000000e+000) (0, 0, 0.00000000000000000000e+000) (0, 0, 0.00000000000000000000e+000) (0, 0, 0.00000000000000000000e+000) (0, 0, 0.00000000000000000000e+000) (0, 0, 0.00000000000000000000e+000) (0, 0, 0.00000000000000000000e+000) (0, 0, 0.00000000000000000000e+000) (0, 0, 0.00000000000000000000e+000) (9, 6, 5.00000000000000000000e-001) (9, 6, 5.00000000000000000000e-001) (9, 6, 5.00000000000000000000e-001) (0, 6, 0.00000000000000000000e+000) (4, 6, 5.00000000000000000000e-001) (4, 6, 5.00000000000000000000e-001) (4, 6, 5.00000000000000000000e-001) (4, 6, 5.00000000000000000000e-001) (4, 6, 5.00000000000000000000e-001) (0, 6, 0.00000000000000000000e+000) 
connections (connected_to_neuron, weight)=(0, -2.08189494204960570000e+001) (1, 9.85960517129804790000e+000) (2, -4.50758588186033930000e+001) (3, -4.37004457376691920000e+001) (4, -2.63348269812976880000e+001) (5, 1.85287227444126190000e+002) (6, -1.36329846169559180000e+002) (7, 1.86803385920420280000e+002) (8, 1.10759345930554680000e+001) (0, 7.35337682013286200000e+000) (1, -6.76184479798228550000e+000) (2, 9.17756002754278910000e+000) (3, 4.35966087104085090000e+000) (4, 2.36899265174981010000e+001) (5, -5.87831512393140370000e+001) (6, 2.55388110817244790000e+001) (7, -1.00423067241873940000e+001) (8, -3.16402253346373690000e+000) (0, 1.50553200905067810000e+000) (1, -1.15498628033392810000e+000) (2, 7.95668897887084280000e-001) (3, -5.15170279903825800000e-001) (4, 3.75475573766222540000e+000) (5, -4.55248380720035060000e+000) (6, 1.01477655435302230000e+000) (7, -6.99053720702346280000e-001) (8, -2.80690222807864650000e-001) (9, 1.29362219841711780000e-001) (10, 5.54642832378178800000e-001) (11, -1.55896699787535820000e+000) (12, 7.55677967884210040000e-001) (9, -1.78303222417197070000e-001) (10, -4.43408657529039800000e-001) (11, 5.72447458761193070000e-001) (12, 6.89549666499352340000e-001) (9, 3.71963698390481360000e-002) (10, 6.64990907913124850000e-002) (11, -6.80082634167394340000e-001) (12, 9.33213819375482530000e-001) (9, -7.30171988968207450000e-001) (10, -9.13542572114354750000e-001) (11, 1.97204327796006160000e+000) (12, 1.17617798821263800000e+000) (9, 2.18129962029996240000e-001) (10, 2.83290309215568710000e-002) (11, 4.71891219936353580000e-001) (12, 9.32851128366800400000e-001) 
