FANN_FLO_2.1
num_layers=3
learning_rate=0.700000
connection_rate=1.000000
network_type=0
learning_momentum=0.000000
training_algorithm=2
train_error_function=1
train_stop_function=0
cascade_output_change_fraction=0.010000
quickprop_decay=-0.000100
quickprop_mu=1.750000
rprop_increase_factor=1.200000
rprop_decrease_factor=0.500000
rprop_delta_min=0.000000
rprop_delta_max=50.000000
rprop_delta_zero=0.100000
cascade_output_stagnation_epochs=12
cascade_candidate_change_fraction=0.010000
cascade_candidate_stagnation_epochs=12
cascade_max_out_epochs=150
cascade_max_cand_epochs=150
cascade_num_candidate_groups=2
bit_fail_limit=3.49999999999999980000e-001
cascade_candidate_limit=1.00000000000000000000e+003
cascade_weight_multiplier=4.00000000000000020000e-001
cascade_activation_functions_count=10
cascade_activation_functions=3 5 7 8 10 11 14 15 16 17 
cascade_activation_steepnesses_count=4
cascade_activation_steepnesses=2.50000000000000000000e-001 5.00000000000000000000e-001 7.50000000000000000000e-001 1.00000000000000000000e+000 
layer_sizes=9 4 6 
scale_included=0
neurons (num_inputs, activation_function, activation_steepness)=(0, 0, 0.00000000000000000000e+000) (0, 0, 0.00000000000000000000e+000) (0, 0, 0.00000000000000000000e+000) (0, 0, 0.00000000000000000000e+000) (0, 0, 0.00000000000000000000e+000) (0, 0, 0.00000000000000000000e+000) (0, 0, 0.00000000000000000000e+000) (0, 0, 0.00000000000000000000e+000) (0, 0, 0.00000000000000000000e+000) (9, 6, 5.00000000000000000000e-001) (9, 6, 5.00000000000000000000e-001) (9, 6, 5.00000000000000000000e-001) (0, 6, 0.00000000000000000000e+000) (4, 6, 5.00000000000000000000e-001) (4, 6, 5.00000000000000000000e-001) (4, 6, 5.00000000000000000000e-001) (4, 6, 5.00000000000000000000e-001) (4, 6, 5.00000000000000000000e-001) (0, 6, 0.00000000000000000000e+000) 
connections (connected_to_neuron, weight)=(0, 1.05224445665206870000e+003) (1, -4.78478197093226130000e+002) (2, 2.73877784265487830000e+002) (3, -1.51378531501120220000e+002) (4, 3.84956705200669260000e+002) (5, 4.86701291771396600000e+000) (6, -2.80638742777273020000e+002) (7, -6.04722553962970780000e+002) (8, 2.50060643870666580000e+001) (0, -9.55115323337853360000e+000) (1, -2.76305371869086040000e+000) (2, -4.70603287679392860000e+000) (3, 3.10067676419609360000e-001) (4, 3.54952400570320630000e+001) (5, 2.74326425172922800000e+001) (6, 9.55900158844604640000e-003) (7, -2.25109004436002210000e+001) (8, 4.17863897861241010000e+000) (0, 1.08911026081850210000e+001) (1, 1.23525274683996480000e+001) (2, -5.89952561977435060000e-001) (3, -5.74611048922210800000e+000) (4, -4.80682540921322140000e+001) (5, -1.69773935012039590000e+000) (6, -1.77478878813584370000e+001) (7, 4.08864282053160860000e+001) (8, -5.28026532144545780000e+000) (9, -3.94255168292087340000e-001) (10, -5.31943397885604070000e-001) (11, -5.99599266645260090000e-001) (12, 8.82376875372968270000e-001) (9, 1.98410002989544670000e-001) (10, 8.81562568983208280000e-001) (11, 7.32166976488167310000e-001) (12, 5.10696337989146270000e-001) (9, 1.86528519807476370000e-001) (10, 6.91257268067808290000e-001) (11, 4.98144215741222200000e-001) (12, 6.25600647666341380000e-001) (9, 1.90266977085791850000e-001) (10, -8.88694623899223960000e-002) (11, 5.59693080535119450000e-003) (12, 9.30263977371896590000e-001) (9, 5.89424130884587120000e-002) (10, 4.29681363264670380000e-001) (11, 3.73005199260849910000e-001) (12, 9.74197368334777990000e-001) 
