FANN_FLO_2.1
num_layers=3
learning_rate=0.700000
connection_rate=1.000000
network_type=0
learning_momentum=0.000000
training_algorithm=2
train_error_function=1
train_stop_function=0
cascade_output_change_fraction=0.010000
quickprop_decay=-0.000100
quickprop_mu=1.750000
rprop_increase_factor=1.200000
rprop_decrease_factor=0.500000
rprop_delta_min=0.000000
rprop_delta_max=50.000000
rprop_delta_zero=0.100000
cascade_output_stagnation_epochs=12
cascade_candidate_change_fraction=0.010000
cascade_candidate_stagnation_epochs=12
cascade_max_out_epochs=150
cascade_max_cand_epochs=150
cascade_num_candidate_groups=2
bit_fail_limit=3.49999999999999980000e-001
cascade_candidate_limit=1.00000000000000000000e+003
cascade_weight_multiplier=4.00000000000000020000e-001
cascade_activation_functions_count=10
cascade_activation_functions=3 5 7 8 10 11 14 15 16 17 
cascade_activation_steepnesses_count=4
cascade_activation_steepnesses=2.50000000000000000000e-001 5.00000000000000000000e-001 7.50000000000000000000e-001 1.00000000000000000000e+000 
layer_sizes=9 4 6 
scale_included=0
neurons (num_inputs, activation_function, activation_steepness)=(0, 0, 0.00000000000000000000e+000) (0, 0, 0.00000000000000000000e+000) (0, 0, 0.00000000000000000000e+000) (0, 0, 0.00000000000000000000e+000) (0, 0, 0.00000000000000000000e+000) (0, 0, 0.00000000000000000000e+000) (0, 0, 0.00000000000000000000e+000) (0, 0, 0.00000000000000000000e+000) (0, 0, 0.00000000000000000000e+000) (9, 6, 5.00000000000000000000e-001) (9, 6, 5.00000000000000000000e-001) (9, 6, 5.00000000000000000000e-001) (0, 6, 0.00000000000000000000e+000) (4, 6, 5.00000000000000000000e-001) (4, 6, 5.00000000000000000000e-001) (4, 6, 5.00000000000000000000e-001) (4, 6, 5.00000000000000000000e-001) (4, 6, 5.00000000000000000000e-001) (0, 6, 0.00000000000000000000e+000) 
connections (connected_to_neuron, weight)=(0, 1.38231207847569860000e+001) (1, -7.15329747160510010000e+000) (2, 7.45789994942098920000e+000) (3, 4.37634511021275240000e+000) (4, 2.02325483632906180000e+001) (5, -4.57770477208719480000e+001) (6, -1.15860845230632870000e+001) (7, 1.64640589918840700000e+001) (8, -2.61579988286728590000e+000) (0, -8.70499981376060880000e-001) (1, -1.31525077587288220000e+000) (2, 1.14258003760552880000e+000) (3, 1.14873098378758520000e+000) (4, -4.08838109977743970000e+000) (5, 2.31290731570095740000e+000) (6, 3.47443774702392130000e-001) (7, 5.07703184700497580000e-001) (8, 1.21968474378427600000e-001) (0, 1.61421691138680290000e+001) (1, -1.58650796934717440000e+001) (2, 1.69344893368445180000e+001) (3, 9.77482322236014940000e+000) (4, 6.35196355787273070000e+000) (5, -4.60132925490588530000e+001) (6, -2.06168147679798680000e+001) (7, 2.54046072480486170000e+001) (8, -2.82576385616416600000e+000) (9, 1.13416079790281540000e+000) (10, 1.83159608956552790000e+000) (11, -9.29252303360653450000e-001) (12, 6.21328473737832840000e-001) (9, -1.00106828572961510000e+000) (10, -1.64805983938549620000e+000) (11, 6.86482575176846080000e-001) (12, 6.89984539931915330000e-001) (9, 1.14784100265950470000e-001) (10, 7.29957072372564020000e-001) (11, -1.17459321520710170000e-001) (12, 9.49318682955638370000e-001) (9, -1.16103643924626440000e+000) (10, -2.12526195553420430000e+000) (11, 9.43766737838398820000e-001) (12, 9.83407529980325990000e-001) (9, 9.58004098345732410000e-001) (10, 1.15180016295073840000e+000) (11, -7.61626711144900330000e-001) (12, 1.14610778301555590000e+000) 
