FANN_FLO_2.1
num_layers=3
learning_rate=0.700000
connection_rate=1.000000
network_type=0
learning_momentum=0.000000
training_algorithm=2
train_error_function=1
train_stop_function=0
cascade_output_change_fraction=0.010000
quickprop_decay=-0.000100
quickprop_mu=1.750000
rprop_increase_factor=1.200000
rprop_decrease_factor=0.500000
rprop_delta_min=0.000000
rprop_delta_max=50.000000
rprop_delta_zero=0.100000
cascade_output_stagnation_epochs=12
cascade_candidate_change_fraction=0.010000
cascade_candidate_stagnation_epochs=12
cascade_max_out_epochs=150
cascade_max_cand_epochs=150
cascade_num_candidate_groups=2
bit_fail_limit=3.49999999999999980000e-001
cascade_candidate_limit=1.00000000000000000000e+003
cascade_weight_multiplier=4.00000000000000020000e-001
cascade_activation_functions_count=10
cascade_activation_functions=3 5 7 8 10 11 14 15 16 17 
cascade_activation_steepnesses_count=4
cascade_activation_steepnesses=2.50000000000000000000e-001 5.00000000000000000000e-001 7.50000000000000000000e-001 1.00000000000000000000e+000 
layer_sizes=9 4 6 
scale_included=0
neurons (num_inputs, activation_function, activation_steepness)=(0, 0, 0.00000000000000000000e+000) (0, 0, 0.00000000000000000000e+000) (0, 0, 0.00000000000000000000e+000) (0, 0, 0.00000000000000000000e+000) (0, 0, 0.00000000000000000000e+000) (0, 0, 0.00000000000000000000e+000) (0, 0, 0.00000000000000000000e+000) (0, 0, 0.00000000000000000000e+000) (0, 0, 0.00000000000000000000e+000) (9, 6, 5.00000000000000000000e-001) (9, 6, 5.00000000000000000000e-001) (9, 6, 5.00000000000000000000e-001) (0, 6, 0.00000000000000000000e+000) (4, 6, 5.00000000000000000000e-001) (4, 6, 5.00000000000000000000e-001) (4, 6, 5.00000000000000000000e-001) (4, 6, 5.00000000000000000000e-001) (4, 6, 5.00000000000000000000e-001) (0, 6, 0.00000000000000000000e+000) 
connections (connected_to_neuron, weight)=(0, 5.12025443140134320000e+000) (1, -8.51320464197608320000e-001) (2, 2.69556115919809790000e+000) (3, -3.04420359521747090000e+000) (4, 1.35612271211674270000e+001) (5, -2.41512571801711360000e+001) (6, 3.45731967263749370000e+000) (7, -2.36023523618074730000e+000) (8, -1.14779564574187720000e+000) (0, 2.20030569697152640000e+000) (1, 1.47488338792663640000e+001) (2, 7.59840710973220280000e+000) (3, -4.35179993701201080000e+001) (4, -1.64448150916604270000e+001) (5, 2.84475775747186290000e+001) (6, 2.86900069529776830000e+001) (7, -3.16105752112141150000e+001) (8, 1.14120640223420460000e+000) (0, 2.84739147518129300000e+000) (1, 1.14240841849103900000e+000) (2, 1.82904478345183150000e+000) (3, -8.17046395422605620000e+000) (4, 3.84684078822676630000e+000) (5, -4.59554300477347070000e+000) (6, 3.28684952870290070000e+000) (7, -4.87279046066200120000e+000) (8, -3.56793886256405230000e-001) (9, 8.24765696295569170000e-001) (10, 3.50541519443318460000e-001) (11, -1.62529719789198500000e+000) (12, 5.48656136561875510000e-001) (9, -1.12253686611728540000e+000) (10, -3.62453542579417640000e-001) (11, 1.78222616788713560000e+000) (12, 7.50468252737195530000e-001) (9, -1.72842029315760840000e-001) (10, -1.07443821553689300000e-002) (11, -2.10083671861576380000e-002) (12, 9.05460411703848500000e-001) (9, -1.11760316550914270000e+000) (10, -5.51877044825612730000e-001) (11, 2.27388518509782900000e+000) (12, 1.10915393923110140000e+000) (9, -9.16228360322808740000e-001) (10, -5.89355734029300640000e-001) (11, 1.82514963756244010000e+000) (12, 1.20490672635407270000e+000) 
