FANN_FLO_2.1
num_layers=3
learning_rate=0.700000
connection_rate=1.000000
network_type=0
learning_momentum=0.000000
training_algorithm=2
train_error_function=1
train_stop_function=0
cascade_output_change_fraction=0.010000
quickprop_decay=-0.000100
quickprop_mu=1.750000
rprop_increase_factor=1.200000
rprop_decrease_factor=0.500000
rprop_delta_min=0.000000
rprop_delta_max=50.000000
rprop_delta_zero=0.100000
cascade_output_stagnation_epochs=12
cascade_candidate_change_fraction=0.010000
cascade_candidate_stagnation_epochs=12
cascade_max_out_epochs=150
cascade_max_cand_epochs=150
cascade_num_candidate_groups=2
bit_fail_limit=3.49999999999999980000e-001
cascade_candidate_limit=1.00000000000000000000e+003
cascade_weight_multiplier=4.00000000000000020000e-001
cascade_activation_functions_count=10
cascade_activation_functions=3 5 7 8 10 11 14 15 16 17 
cascade_activation_steepnesses_count=4
cascade_activation_steepnesses=2.50000000000000000000e-001 5.00000000000000000000e-001 7.50000000000000000000e-001 1.00000000000000000000e+000 
layer_sizes=9 4 6 
scale_included=0
neurons (num_inputs, activation_function, activation_steepness)=(0, 0, 0.00000000000000000000e+000) (0, 0, 0.00000000000000000000e+000) (0, 0, 0.00000000000000000000e+000) (0, 0, 0.00000000000000000000e+000) (0, 0, 0.00000000000000000000e+000) (0, 0, 0.00000000000000000000e+000) (0, 0, 0.00000000000000000000e+000) (0, 0, 0.00000000000000000000e+000) (0, 0, 0.00000000000000000000e+000) (9, 6, 5.00000000000000000000e-001) (9, 6, 5.00000000000000000000e-001) (9, 6, 5.00000000000000000000e-001) (0, 6, 0.00000000000000000000e+000) (4, 6, 5.00000000000000000000e-001) (4, 6, 5.00000000000000000000e-001) (4, 6, 5.00000000000000000000e-001) (4, 6, 5.00000000000000000000e-001) (4, 6, 5.00000000000000000000e-001) (0, 6, 0.00000000000000000000e+000) 
connections (connected_to_neuron, weight)=(0, 1.50000000000000000000e+003) (1, 1.50000000000000000000e+003) (2, 1.50000000000000000000e+003) (3, 1.50000000000000000000e+003) (4, 1.50000000000000000000e+003) (5, 1.50000000000000000000e+003) (6, 1.50000000000000000000e+003) (7, 1.50000000000000000000e+003) (8, 1.46588516701202280000e+000) (0, 1.50000000000000000000e+003) (1, 1.51986098434650000000e+001) (2, -5.27229034682625300000e+001) (3, -9.55677255165144710000e+001) (4, 9.53059055879064940000e+001) (5, -2.71147492561102010000e+002) (6, -1.42487216727478200000e+002) (7, 5.85542101939007720000e+001) (8, 2.65026382734140900000e+000) (0, -1.49283721868422300000e+003) (1, -5.63803452373309710000e+002) (2, -3.55090162027627740000e+002) (3, 3.19954473883815130000e+002) (4, 1.73878812960267090000e+001) (5, 6.66686792583187410000e+002) (6, -1.48499999940395360000e+003) (7, -7.72684143148159820000e+002) (8, 1.50000000000000000000e+003) (9, 2.56684591318232900000e-001) (10, -1.64994140788270570000e-001) (11, -2.16695806632669990000e-001) (12, 6.65396927041132960000e-001) (9, -1.00612558423607960000e-001) (10, -1.11350283839640240000e-002) (11, 1.31301075231899770000e-001) (12, 8.02918502878155800000e-001) (9, -2.77629814025381840000e-001) (10, -1.21052775012277860000e-002) (11, 5.43262533972026620000e-001) (12, 7.19052095979566540000e-001) (9, -2.33835935627795750000e-001) (10, 8.22820448266647350000e-002) (11, 4.68946243745668120000e-001) (12, 7.28529911602272980000e-001) (9, -2.22236180715997350000e-001) (10, 1.63596274005397250000e-002) (11, 3.98713359456451370000e-001) (12, 8.84547871381896500000e-001) 
