FANN_FLO_2.1
num_layers=3
learning_rate=0.700000
connection_rate=1.000000
network_type=0
learning_momentum=0.000000
training_algorithm=2
train_error_function=1
train_stop_function=0
cascade_output_change_fraction=0.010000
quickprop_decay=-0.000100
quickprop_mu=1.750000
rprop_increase_factor=1.200000
rprop_decrease_factor=0.500000
rprop_delta_min=0.000000
rprop_delta_max=50.000000
rprop_delta_zero=0.100000
cascade_output_stagnation_epochs=12
cascade_candidate_change_fraction=0.010000
cascade_candidate_stagnation_epochs=12
cascade_max_out_epochs=150
cascade_max_cand_epochs=150
cascade_num_candidate_groups=2
bit_fail_limit=3.49999999999999980000e-001
cascade_candidate_limit=1.00000000000000000000e+003
cascade_weight_multiplier=4.00000000000000020000e-001
cascade_activation_functions_count=10
cascade_activation_functions=3 5 7 8 10 11 14 15 16 17 
cascade_activation_steepnesses_count=4
cascade_activation_steepnesses=2.50000000000000000000e-001 5.00000000000000000000e-001 7.50000000000000000000e-001 1.00000000000000000000e+000 
layer_sizes=9 4 6 
scale_included=0
neurons (num_inputs, activation_function, activation_steepness)=(0, 0, 0.00000000000000000000e+000) (0, 0, 0.00000000000000000000e+000) (0, 0, 0.00000000000000000000e+000) (0, 0, 0.00000000000000000000e+000) (0, 0, 0.00000000000000000000e+000) (0, 0, 0.00000000000000000000e+000) (0, 0, 0.00000000000000000000e+000) (0, 0, 0.00000000000000000000e+000) (0, 0, 0.00000000000000000000e+000) (9, 6, 5.00000000000000000000e-001) (9, 6, 5.00000000000000000000e-001) (9, 6, 5.00000000000000000000e-001) (0, 6, 0.00000000000000000000e+000) (4, 6, 5.00000000000000000000e-001) (4, 6, 5.00000000000000000000e-001) (4, 6, 5.00000000000000000000e-001) (4, 6, 5.00000000000000000000e-001) (4, 6, 5.00000000000000000000e-001) (0, 6, 0.00000000000000000000e+000) 
connections (connected_to_neuron, weight)=(0, -1.38328561818099360000e+001) (1, 2.68850900806008430000e+001) (2, -1.93636334234939440000e+000) (3, 9.12352963889475890000e+000) (4, -3.88348679666413900000e+001) (5, 2.90334843709128910000e+001) (6, 7.65254994903695800000e+000) (7, -1.07480219933792520000e-001) (8, -5.83116116619213780000e-003) (0, -4.66283441851401640000e-001) (1, 1.90205123171796390000e+000) (2, -9.17716368152655670000e-001) (3, -1.35377792323272380000e+000) (4, -1.42140555362847890000e+000) (5, 4.41605257368934460000e+000) (6, -3.61148194330572640000e+000) (7, 1.53089794622466040000e+000) (8, 1.06713324277315410000e+000) (0, -3.32929271881560960000e-001) (1, 2.31330825896416260000e-001) (2, 9.50745200140105590000e-003) (3, 1.64189207923928500000e+000) (4, -8.77031953133047830000e-001) (5, -1.18975073284279610000e+000) (6, 1.28695668476014640000e+000) (7, 2.05606494327171400000e-001) (8, -2.37165165971060520000e-001) (9, 6.68972066395795840000e-002) (10, -5.64077866050685660000e-001) (11, 4.54196347787818200000e-001) (12, 8.91231751774303360000e-001) (9, 1.27663937094789930000e-001) (10, 4.58034301291712300000e-001) (11, -1.61306308410455790000e+000) (12, 4.46163582709030500000e-001) (9, -1.85954500926810880000e-002) (10, 9.27522873667721020000e-001) (11, 1.79593096865176370000e+000) (12, 7.31725742736613620000e-001) (9, -6.48525554062771410000e-003) (10, -4.17621460380840140000e-001) (11, -1.20965525627572100000e+000) (12, 1.09547885085254190000e+000) (9, -2.75879973032027550000e-001) (10, 1.36045502478043700000e+000) (11, 2.05632683934125020000e+000) (12, 6.42430859017877550000e-001) 
