FANN_FLO_2.1
num_layers=3
learning_rate=0.700000
connection_rate=1.000000
network_type=0
learning_momentum=0.000000
training_algorithm=2
train_error_function=1
train_stop_function=0
cascade_output_change_fraction=0.010000
quickprop_decay=-0.000100
quickprop_mu=1.750000
rprop_increase_factor=1.200000
rprop_decrease_factor=0.500000
rprop_delta_min=0.000000
rprop_delta_max=50.000000
rprop_delta_zero=0.100000
cascade_output_stagnation_epochs=12
cascade_candidate_change_fraction=0.010000
cascade_candidate_stagnation_epochs=12
cascade_max_out_epochs=150
cascade_max_cand_epochs=150
cascade_num_candidate_groups=2
bit_fail_limit=3.49999999999999980000e-001
cascade_candidate_limit=1.00000000000000000000e+003
cascade_weight_multiplier=4.00000000000000020000e-001
cascade_activation_functions_count=10
cascade_activation_functions=3 5 7 8 10 11 14 15 16 17 
cascade_activation_steepnesses_count=4
cascade_activation_steepnesses=2.50000000000000000000e-001 5.00000000000000000000e-001 7.50000000000000000000e-001 1.00000000000000000000e+000 
layer_sizes=9 4 6 
scale_included=0
neurons (num_inputs, activation_function, activation_steepness)=(0, 0, 0.00000000000000000000e+000) (0, 0, 0.00000000000000000000e+000) (0, 0, 0.00000000000000000000e+000) (0, 0, 0.00000000000000000000e+000) (0, 0, 0.00000000000000000000e+000) (0, 0, 0.00000000000000000000e+000) (0, 0, 0.00000000000000000000e+000) (0, 0, 0.00000000000000000000e+000) (0, 0, 0.00000000000000000000e+000) (9, 6, 5.00000000000000000000e-001) (9, 6, 5.00000000000000000000e-001) (9, 6, 5.00000000000000000000e-001) (0, 6, 0.00000000000000000000e+000) (4, 6, 5.00000000000000000000e-001) (4, 6, 5.00000000000000000000e-001) (4, 6, 5.00000000000000000000e-001) (4, 6, 5.00000000000000000000e-001) (4, 6, 5.00000000000000000000e-001) (0, 6, 0.00000000000000000000e+000) 
connections (connected_to_neuron, weight)=(0, -5.07330573650725110000e+000) (1, 4.17455040956529720000e+000) (2, -4.28556567476754860000e+000) (3, 1.92786555635659050000e+000) (4, -1.10771631018813060000e+001) (5, 1.55550675093124280000e+001) (6, 5.92448177563971430000e+000) (7, -7.92953796697795200000e-001) (8, 9.64168983931397830000e-001) (0, 3.67339752442529650000e+000) (1, -4.73262247465027030000e+000) (2, 6.38853876954379010000e+000) (3, -7.36021587824575360000e+000) (4, 5.20780839375082480000e+000) (5, 3.41640791842132780000e+000) (6, -1.39700250457747810000e+001) (7, -4.51870844930638890000e-001) (8, -4.48414594613345260000e-001) (0, -3.62861473105325520000e-001) (1, 3.79214775609487110000e+000) (2, -7.87906934624189590000e+000) (3, 1.16856331783422900000e+001) (4, 4.38019280959087710000e+000) (5, -2.34898386297165090000e+001) (6, 1.74038195301144680000e+001) (7, 4.80382172080296590000e+000) (8, 1.52665815935957570000e-001) (9, -1.34681222464447850000e+000) (10, -2.01102222378780660000e+000) (11, -1.04842658844348740000e+000) (12, 8.35151591619142760000e-001) (9, 1.53674349174526030000e+000) (10, 1.94767811690411060000e+000) (11, 9.14283194610591150000e-001) (12, 4.97981004757713620000e-001) (9, 2.59521018175284450000e-001) (10, 1.05251609077934270000e-001) (11, 2.61246379178609460000e-002) (12, 8.96489413643636770000e-001) (9, 1.44070802733438200000e+000) (10, 2.21301904627671360000e+000) (11, 1.20879654893402710000e+000) (12, 7.50765073392755000000e-001) (9, 1.35371319664477040000e+000) (10, 2.03766152345917420000e+000) (11, 1.17250157228940720000e+000) (12, 8.03219599888538640000e-001) 
