FANN_FLO_2.1
num_layers=3
learning_rate=0.700000
connection_rate=1.000000
network_type=0
learning_momentum=0.000000
training_algorithm=2
train_error_function=1
train_stop_function=0
cascade_output_change_fraction=0.010000
quickprop_decay=-0.000100
quickprop_mu=1.750000
rprop_increase_factor=1.200000
rprop_decrease_factor=0.500000
rprop_delta_min=0.000000
rprop_delta_max=50.000000
rprop_delta_zero=0.100000
cascade_output_stagnation_epochs=12
cascade_candidate_change_fraction=0.010000
cascade_candidate_stagnation_epochs=12
cascade_max_out_epochs=150
cascade_max_cand_epochs=150
cascade_num_candidate_groups=2
bit_fail_limit=3.49999999999999980000e-001
cascade_candidate_limit=1.00000000000000000000e+003
cascade_weight_multiplier=4.00000000000000020000e-001
cascade_activation_functions_count=10
cascade_activation_functions=3 5 7 8 10 11 14 15 16 17 
cascade_activation_steepnesses_count=4
cascade_activation_steepnesses=2.50000000000000000000e-001 5.00000000000000000000e-001 7.50000000000000000000e-001 1.00000000000000000000e+000 
layer_sizes=9 4 6 
scale_included=0
neurons (num_inputs, activation_function, activation_steepness)=(0, 0, 0.00000000000000000000e+000) (0, 0, 0.00000000000000000000e+000) (0, 0, 0.00000000000000000000e+000) (0, 0, 0.00000000000000000000e+000) (0, 0, 0.00000000000000000000e+000) (0, 0, 0.00000000000000000000e+000) (0, 0, 0.00000000000000000000e+000) (0, 0, 0.00000000000000000000e+000) (0, 0, 0.00000000000000000000e+000) (9, 6, 5.00000000000000000000e-001) (9, 6, 5.00000000000000000000e-001) (9, 6, 5.00000000000000000000e-001) (0, 6, 0.00000000000000000000e+000) (4, 6, 5.00000000000000000000e-001) (4, 6, 5.00000000000000000000e-001) (4, 6, 5.00000000000000000000e-001) (4, 6, 5.00000000000000000000e-001) (4, 6, 5.00000000000000000000e-001) (0, 6, 0.00000000000000000000e+000) 
connections (connected_to_neuron, weight)=(0, -5.92532249819389680000e-001) (1, 1.62827823721911090000e+000) (2, -1.01726966984636440000e+000) (3, -1.17897990859476610000e+000) (4, -1.68770565242723540000e+000) (5, 4.36872025300469510000e+000) (6, -3.35495340256030780000e+000) (7, 2.13543165069962490000e+000) (8, 1.01896379670708280000e+000) (0, -6.92064143404571560000e+000) (1, 5.59474148268716400000e+000) (2, -4.73740119257426960000e+000) (3, 8.84293605965807570000e+000) (4, -1.50270223865175140000e+001) (5, 7.65976156452039090000e+000) (6, 6.29029602874872930000e+000) (7, 1.46759111236343640000e+001) (8, -4.85016682670370350000e-001) (0, -5.49247910952924580000e-001) (1, -1.20261381320142490000e-002) (2, -3.39735759340516640000e-001) (3, 2.33675273482031590000e+000) (4, -1.13913252671769770000e+000) (5, -1.50206682675694330000e+000) (6, 2.04047945093997600000e+000) (7, 1.26090068434546380000e+000) (8, -4.65299589708325580000e-001) (9, -4.70451882483176760000e-001) (10, 1.35190250593215660000e-001) (11, 1.59592000432145440000e-001) (12, 8.49726472794018360000e-001) (9, 3.84464699826874760000e-001) (10, 3.09230017676343560000e-001) (11, -1.72441448345209340000e+000) (12, 3.68875900073979970000e-001) (9, 1.04342829570714280000e+000) (10, -1.59790419367370620000e-001) (11, 1.41381276674757680000e+000) (12, 7.68002428168083510000e-001) (9, -7.84576316816223530000e-001) (10, 1.41792359091132390000e-001) (11, -1.41361522193319280000e+000) (12, 1.11814714791486280000e+000) (9, 1.14319653916168560000e+000) (10, -5.63285659347774860000e-001) (11, 2.23554178936568080000e+000) (12, 8.98548387547872140000e-001) 
