FANN_FLO_2.1
num_layers=3
learning_rate=0.700000
connection_rate=1.000000
network_type=0
learning_momentum=0.000000
training_algorithm=2
train_error_function=1
train_stop_function=0
cascade_output_change_fraction=0.010000
quickprop_decay=-0.000100
quickprop_mu=1.750000
rprop_increase_factor=1.200000
rprop_decrease_factor=0.500000
rprop_delta_min=0.000000
rprop_delta_max=50.000000
rprop_delta_zero=0.100000
cascade_output_stagnation_epochs=12
cascade_candidate_change_fraction=0.010000
cascade_candidate_stagnation_epochs=12
cascade_max_out_epochs=150
cascade_max_cand_epochs=150
cascade_num_candidate_groups=2
bit_fail_limit=3.49999999999999980000e-001
cascade_candidate_limit=1.00000000000000000000e+003
cascade_weight_multiplier=4.00000000000000020000e-001
cascade_activation_functions_count=10
cascade_activation_functions=3 5 7 8 10 11 14 15 16 17 
cascade_activation_steepnesses_count=4
cascade_activation_steepnesses=2.50000000000000000000e-001 5.00000000000000000000e-001 7.50000000000000000000e-001 1.00000000000000000000e+000 
layer_sizes=9 4 6 
scale_included=0
neurons (num_inputs, activation_function, activation_steepness)=(0, 0, 0.00000000000000000000e+000) (0, 0, 0.00000000000000000000e+000) (0, 0, 0.00000000000000000000e+000) (0, 0, 0.00000000000000000000e+000) (0, 0, 0.00000000000000000000e+000) (0, 0, 0.00000000000000000000e+000) (0, 0, 0.00000000000000000000e+000) (0, 0, 0.00000000000000000000e+000) (0, 0, 0.00000000000000000000e+000) (9, 6, 5.00000000000000000000e-001) (9, 6, 5.00000000000000000000e-001) (9, 6, 5.00000000000000000000e-001) (0, 6, 0.00000000000000000000e+000) (4, 6, 5.00000000000000000000e-001) (4, 6, 5.00000000000000000000e-001) (4, 6, 5.00000000000000000000e-001) (4, 6, 5.00000000000000000000e-001) (4, 6, 5.00000000000000000000e-001) (0, 6, 0.00000000000000000000e+000) 
connections (connected_to_neuron, weight)=(0, -2.09197466684943700000e+000) (1, -1.60883169773609900000e+000) (2, -1.64366042050212080000e+000) (3, 7.82436864636872810000e+000) (4, -2.16109485411122740000e+000) (5, 2.72207889475946900000e+000) (6, -3.49390770413425140000e+000) (7, 4.92692932917800250000e+000) (8, 3.92962319905465260000e-001) (0, -1.91709230661519190000e+000) (1, -1.39086930959179290000e+001) (2, -6.66176775124505220000e+000) (3, 3.88834747895047530000e+001) (4, 1.60022172452841860000e+001) (5, -2.49379283845515470000e+001) (6, -2.63493181281872740000e+001) (7, 2.85519309443000180000e+001) (8, -1.08329674775465600000e+000) (0, -5.09398150530577000000e+000) (1, 6.62943427896335200000e-001) (2, -3.19569481917893180000e+000) (3, 2.18673101982387410000e+000) (4, -1.52872017181489940000e+001) (5, 2.89502589316441960000e+001) (6, -4.82981946107423440000e+000) (7, 2.70172198300890360000e+000) (8, 1.29196095269340860000e+000) (9, 1.68638556127033690000e+000) (10, -4.10691529876834380000e-001) (11, -6.32394561435894010000e-001) (12, 4.15525811098390600000e-001) (9, -1.81616249850765810000e+000) (10, 4.30142250144204600000e-001) (11, 8.88721178298797710000e-001) (12, 8.93487818899719840000e-001) (9, 1.12610464335003590000e-002) (10, 1.67135726986331160000e-002) (11, 1.80281833504849000000e-001) (12, 8.97984779830334760000e-001) (9, -2.18994230525456500000e+000) (10, 5.94008372110127360000e-001) (11, 7.65246225246367430000e-001) (12, 1.28851908792483030000e+000) (9, -1.69289938320500880000e+000) (10, 6.17771923508483980000e-001) (11, 6.16271570260678030000e-001) (12, 1.34036069010896240000e+000) 
