FANN_FLO_2.1
num_layers=3
learning_rate=0.700000
connection_rate=1.000000
network_type=0
learning_momentum=0.000000
training_algorithm=2
train_error_function=1
train_stop_function=0
cascade_output_change_fraction=0.010000
quickprop_decay=-0.000100
quickprop_mu=1.750000
rprop_increase_factor=1.200000
rprop_decrease_factor=0.500000
rprop_delta_min=0.000000
rprop_delta_max=50.000000
rprop_delta_zero=0.100000
cascade_output_stagnation_epochs=12
cascade_candidate_change_fraction=0.010000
cascade_candidate_stagnation_epochs=12
cascade_max_out_epochs=150
cascade_max_cand_epochs=150
cascade_num_candidate_groups=2
bit_fail_limit=3.49999999999999980000e-001
cascade_candidate_limit=1.00000000000000000000e+003
cascade_weight_multiplier=4.00000000000000020000e-001
cascade_activation_functions_count=10
cascade_activation_functions=3 5 7 8 10 11 14 15 16 17 
cascade_activation_steepnesses_count=4
cascade_activation_steepnesses=2.50000000000000000000e-001 5.00000000000000000000e-001 7.50000000000000000000e-001 1.00000000000000000000e+000 
layer_sizes=9 4 6 
scale_included=0
neurons (num_inputs, activation_function, activation_steepness)=(0, 0, 0.00000000000000000000e+000) (0, 0, 0.00000000000000000000e+000) (0, 0, 0.00000000000000000000e+000) (0, 0, 0.00000000000000000000e+000) (0, 0, 0.00000000000000000000e+000) (0, 0, 0.00000000000000000000e+000) (0, 0, 0.00000000000000000000e+000) (0, 0, 0.00000000000000000000e+000) (0, 0, 0.00000000000000000000e+000) (9, 6, 5.00000000000000000000e-001) (9, 6, 5.00000000000000000000e-001) (9, 6, 5.00000000000000000000e-001) (0, 6, 0.00000000000000000000e+000) (4, 6, 5.00000000000000000000e-001) (4, 6, 5.00000000000000000000e-001) (4, 6, 5.00000000000000000000e-001) (4, 6, 5.00000000000000000000e-001) (4, 6, 5.00000000000000000000e-001) (0, 6, 0.00000000000000000000e+000) 
connections (connected_to_neuron, weight)=(0, -2.45788351729075480000e-001) (1, 1.85814113585318630000e-001) (2, 1.00939810405074150000e-002) (3, 1.12654970213276620000e+000) (4, -6.31428387624170530000e-001) (5, -7.78382559573565720000e-001) (6, 8.98193172976635030000e-001) (7, 1.28070574042996990000e-001) (8, -1.36268434476719660000e-001) (0, 1.24649193445192030000e+001) (1, -2.35242599866627200000e+001) (2, 1.83248537300584120000e+000) (3, -8.42510564120028960000e+000) (4, 3.47061959599634520000e+001) (5, -2.62329115062214270000e+001) (6, -7.04740991468568900000e+000) (7, 3.21714277504866970000e-001) (8, 2.14216562961256750000e-003) (0, -4.73767900144084430000e-001) (1, 1.98171774771532540000e+000) (2, -1.00650562770730480000e+000) (3, -1.52232780947447970000e+000) (4, -1.49953876402377340000e+000) (5, 4.82485089466312370000e+000) (6, -3.94098713225020440000e+000) (7, 1.66714613151373860000e+000) (8, 1.06350332362592550000e+000) (9, 5.52853963584503230000e-001) (10, -7.43740047791748990000e-002) (11, -5.57704827373911470000e-001) (12, 8.72447346930286470000e-001) (9, -2.42106587968905810000e+000) (10, -1.47678703103507360000e-001) (11, 3.86504646792619530000e-001) (12, 5.06202209361261150000e-001) (9, 2.67436874267556580000e+000) (10, 2.52196431975703350000e-002) (11, 8.66870624287542800000e-001) (12, 7.34309917004259740000e-001) (9, -1.88319011769433820000e+000) (10, -3.77416928901510870000e-003) (11, -4.29678462031005680000e-001) (12, 1.11455521472865190000e+000) (9, 3.10401241878284310000e+000) (10, 2.95007664846058500000e-001) (11, 1.26344979534541930000e+000) (12, 6.61211480298057990000e-001) 
