FANN_FLO_2.1
num_layers=3
learning_rate=0.700000
connection_rate=1.000000
network_type=0
learning_momentum=0.000000
training_algorithm=2
train_error_function=1
train_stop_function=0
cascade_output_change_fraction=0.010000
quickprop_decay=-0.000100
quickprop_mu=1.750000
rprop_increase_factor=1.200000
rprop_decrease_factor=0.500000
rprop_delta_min=0.000000
rprop_delta_max=50.000000
rprop_delta_zero=0.100000
cascade_output_stagnation_epochs=12
cascade_candidate_change_fraction=0.010000
cascade_candidate_stagnation_epochs=12
cascade_max_out_epochs=150
cascade_max_cand_epochs=150
cascade_num_candidate_groups=2
bit_fail_limit=3.49999999999999980000e-001
cascade_candidate_limit=1.00000000000000000000e+003
cascade_weight_multiplier=4.00000000000000020000e-001
cascade_activation_functions_count=10
cascade_activation_functions=3 5 7 8 10 11 14 15 16 17 
cascade_activation_steepnesses_count=4
cascade_activation_steepnesses=2.50000000000000000000e-001 5.00000000000000000000e-001 7.50000000000000000000e-001 1.00000000000000000000e+000 
layer_sizes=9 4 6 
scale_included=0
neurons (num_inputs, activation_function, activation_steepness)=(0, 0, 0.00000000000000000000e+000) (0, 0, 0.00000000000000000000e+000) (0, 0, 0.00000000000000000000e+000) (0, 0, 0.00000000000000000000e+000) (0, 0, 0.00000000000000000000e+000) (0, 0, 0.00000000000000000000e+000) (0, 0, 0.00000000000000000000e+000) (0, 0, 0.00000000000000000000e+000) (0, 0, 0.00000000000000000000e+000) (9, 6, 5.00000000000000000000e-001) (9, 6, 5.00000000000000000000e-001) (9, 6, 5.00000000000000000000e-001) (0, 6, 0.00000000000000000000e+000) (4, 6, 5.00000000000000000000e-001) (4, 6, 5.00000000000000000000e-001) (4, 6, 5.00000000000000000000e-001) (4, 6, 5.00000000000000000000e-001) (4, 6, 5.00000000000000000000e-001) (0, 6, 0.00000000000000000000e+000) 
connections (connected_to_neuron, weight)=(0, 9.40291694950176370000e+000) (1, -6.31436446846336440000e+000) (2, -1.54736892775919110000e+000) (3, 4.79038554502210720000e-001) (4, 3.57523818393900470000e+001) (5, -8.40150960935096830000e+001) (6, 4.87185088966828130000e+001) (7, 9.12894568853440670000e-001) (8, 3.91428352232501830000e-002) (0, -1.66858134416730140000e+000) (1, -1.48122559204229250000e+000) (2, -3.53853006086219630000e+000) (3, 4.21072690295949400000e+000) (4, -9.57216207360559230000e-001) (5, 5.88675809925866920000e+000) (6, -9.29524035581238550000e+000) (7, 1.21616459599670500000e+001) (8, 7.38077724629143890000e-001) (0, -4.50841025967287210000e+000) (1, -3.09532550813020450000e+000) (2, -8.01360500910667990000e+000) (3, 8.57674472044804050000e+000) (4, -6.82140317176568090000e+000) (5, 3.10837040729432910000e+001) (6, -3.24550850516018770000e+001) (7, 2.73452577348557250000e+001) (8, 6.33025660888001610000e-001) (9, -1.73688768045078100000e-001) (10, 1.12647403656761380000e+000) (11, -6.21920784616631920000e-001) (12, 3.84891041617347380000e-001) (9, -2.71210753762674940000e-002) (10, -7.72151892346672920000e-001) (11, 4.26474346686607390000e-001) (12, 9.74429520266470010000e-001) (9, -1.47618048106862270000e-001) (10, 4.96906949621759570000e-001) (11, -2.48308713639739190000e-001) (12, 8.96910121536936500000e-001) (9, 4.15536414033177870000e-001) (10, -2.96757414141816640000e+000) (11, 1.59798354201765380000e+000) (12, 1.54166949143938690000e+000) (9, 4.09598498663297390000e-001) (10, -1.40816175170153500000e+000) (11, 1.04832121149330960000e+000) (12, 1.23332568554405440000e+000) 
