FANN_FLO_2.1
num_layers=3
learning_rate=0.700000
connection_rate=1.000000
network_type=0
learning_momentum=0.000000
training_algorithm=2
train_error_function=1
train_stop_function=0
cascade_output_change_fraction=0.010000
quickprop_decay=-0.000100
quickprop_mu=1.750000
rprop_increase_factor=1.200000
rprop_decrease_factor=0.500000
rprop_delta_min=0.000000
rprop_delta_max=50.000000
rprop_delta_zero=0.100000
cascade_output_stagnation_epochs=12
cascade_candidate_change_fraction=0.010000
cascade_candidate_stagnation_epochs=12
cascade_max_out_epochs=150
cascade_max_cand_epochs=150
cascade_num_candidate_groups=2
bit_fail_limit=3.49999999999999980000e-001
cascade_candidate_limit=1.00000000000000000000e+003
cascade_weight_multiplier=4.00000000000000020000e-001
cascade_activation_functions_count=10
cascade_activation_functions=3 5 7 8 10 11 14 15 16 17 
cascade_activation_steepnesses_count=4
cascade_activation_steepnesses=2.50000000000000000000e-001 5.00000000000000000000e-001 7.50000000000000000000e-001 1.00000000000000000000e+000 
layer_sizes=9 4 6 
scale_included=0
neurons (num_inputs, activation_function, activation_steepness)=(0, 0, 0.00000000000000000000e+000) (0, 0, 0.00000000000000000000e+000) (0, 0, 0.00000000000000000000e+000) (0, 0, 0.00000000000000000000e+000) (0, 0, 0.00000000000000000000e+000) (0, 0, 0.00000000000000000000e+000) (0, 0, 0.00000000000000000000e+000) (0, 0, 0.00000000000000000000e+000) (0, 0, 0.00000000000000000000e+000) (9, 6, 5.00000000000000000000e-001) (9, 6, 5.00000000000000000000e-001) (9, 6, 5.00000000000000000000e-001) (0, 6, 0.00000000000000000000e+000) (4, 6, 5.00000000000000000000e-001) (4, 6, 5.00000000000000000000e-001) (4, 6, 5.00000000000000000000e-001) (4, 6, 5.00000000000000000000e-001) (4, 6, 5.00000000000000000000e-001) (0, 6, 0.00000000000000000000e+000) 
connections (connected_to_neuron, weight)=(0, -1.10947130844934990000e+001) (1, -2.76406045537344940000e+000) (2, -7.66117805485497620000e+000) (3, 5.03702796621718290000e+000) (4, -3.95310064558994580000e+001) (5, 1.19757119810981120000e+002) (6, -4.24604681915881560000e+001) (7, 7.39098470807404070000e+000) (8, 1.00265560621936590000e+000) (0, -1.04250988214365160000e+000) (1, 2.05293515837081470000e-001) (2, -2.12190797448698150000e+000) (3, 2.09526491059564090000e+000) (4, -9.31554879451725330000e-001) (5, 1.35618255927634860000e+000) (6, -3.87672244896122950000e+000) (7, 6.61778032007739810000e+000) (8, 3.70131148678468910000e-001) (0, 1.07116910777538590000e+001) (1, 1.56440743637636600000e+000) (2, -6.49940819397615050000e+000) (3, 3.93199548273342850000e+000) (4, 5.19785692360322860000e+001) (5, -1.32987461481559710000e+002) (6, 1.76432305660363800000e+001) (7, 4.08199957031225300000e+001) (8, -4.08746188218603920000e-001) (9, -4.29198216259949250000e-001) (10, 1.05842343088431520000e+000) (11, -3.38681895336467530000e-001) (12, 5.13726830640565900000e-001) (9, 3.15260727167642530000e-001) (10, -6.05579719782895150000e-001) (11, 1.44313193805991700000e-001) (12, 8.26485126557681800000e-001) (9, -4.81229467057546490000e-002) (10, 4.02397197920063620000e-001) (11, -9.55430831718230980000e-002) (12, 9.18529138639526680000e-001) (9, 7.92411489310441700000e-001) (10, -2.16301338662505320000e+000) (11, 6.18597884993939970000e-001) (12, 1.17233191376969990000e+000) (9, 2.21750438007135980000e-001) (10, -2.27566491876292180000e-002) (11, 2.64662066443276940000e-001) (12, 1.04884409537494630000e+000) 
