FANN_FLO_2.1
num_layers=3
learning_rate=0.700000
connection_rate=1.000000
network_type=0
learning_momentum=0.000000
training_algorithm=2
train_error_function=1
train_stop_function=0
cascade_output_change_fraction=0.010000
quickprop_decay=-0.000100
quickprop_mu=1.750000
rprop_increase_factor=1.200000
rprop_decrease_factor=0.500000
rprop_delta_min=0.000000
rprop_delta_max=50.000000
rprop_delta_zero=0.100000
cascade_output_stagnation_epochs=12
cascade_candidate_change_fraction=0.010000
cascade_candidate_stagnation_epochs=12
cascade_max_out_epochs=150
cascade_max_cand_epochs=150
cascade_num_candidate_groups=2
bit_fail_limit=3.49999999999999980000e-001
cascade_candidate_limit=1.00000000000000000000e+003
cascade_weight_multiplier=4.00000000000000020000e-001
cascade_activation_functions_count=10
cascade_activation_functions=3 5 7 8 10 11 14 15 16 17 
cascade_activation_steepnesses_count=4
cascade_activation_steepnesses=2.50000000000000000000e-001 5.00000000000000000000e-001 7.50000000000000000000e-001 1.00000000000000000000e+000 
layer_sizes=9 4 6 
scale_included=0
neurons (num_inputs, activation_function, activation_steepness)=(0, 0, 0.00000000000000000000e+000) (0, 0, 0.00000000000000000000e+000) (0, 0, 0.00000000000000000000e+000) (0, 0, 0.00000000000000000000e+000) (0, 0, 0.00000000000000000000e+000) (0, 0, 0.00000000000000000000e+000) (0, 0, 0.00000000000000000000e+000) (0, 0, 0.00000000000000000000e+000) (0, 0, 0.00000000000000000000e+000) (9, 6, 5.00000000000000000000e-001) (9, 6, 5.00000000000000000000e-001) (9, 6, 5.00000000000000000000e-001) (0, 6, 0.00000000000000000000e+000) (4, 6, 5.00000000000000000000e-001) (4, 6, 5.00000000000000000000e-001) (4, 6, 5.00000000000000000000e-001) (4, 6, 5.00000000000000000000e-001) (4, 6, 5.00000000000000000000e-001) (0, 6, 0.00000000000000000000e+000) 
connections (connected_to_neuron, weight)=(0, 5.00484517101766560000e-001) (1, -1.47774433925235460000e+000) (2, 9.58084153920224170000e-001) (3, 1.14995456043298680000e+000) (4, 1.33494227335680390000e+000) (5, -4.06242292047993650000e+000) (6, 3.50994229114478930000e+000) (7, -1.85029333844018610000e+000) (8, -4.39182801321724330000e-001) (0, -3.73032016778854560000e-001) (1, -1.72767367442923920000e-001) (2, 1.54613812179799000000e-001) (3, 1.76074501996792330000e+000) (4, -8.19784061579228230000e-001) (5, -1.38904553150697300000e+000) (6, 1.93647425772820840000e+000) (7, -9.74799732184271070000e-002) (8, -1.92719964185973010000e-001) (0, 6.99300317723790070000e+000) (1, -7.74862261196567380000e+000) (2, 1.96038600150258310000e+000) (3, -4.92110653456010020000e+000) (4, 1.75844047101111190000e+001) (5, -1.72513896599725920000e+001) (6, -1.14366445217156240000e+000) (7, -1.38117795980713160000e+000) (8, 2.06087436613972500000e-001) (9, 6.09220729920485260000e-001) (10, 4.01807973607290760000e-001) (11, -1.27383224121793290000e-001) (12, 7.40623737571389880000e-001) (9, 1.56982517806517120000e-001) (10, -2.00957655230670930000e+000) (11, -3.15120567011582250000e-001) (12, 7.33398074036268670000e-001) (9, -8.56432609210953880000e-001) (10, 1.36201957976563270000e+000) (11, 7.11814350034007270000e-003) (12, 9.36736361314659540000e-001) (9, 1.20551359644148270000e+000) (10, -1.91729662726927310000e+000) (11, -1.54647238180669890000e-001) (12, 1.11010138735354750000e+000) (9, -1.83440810011628440000e+000) (10, 2.19114411096950420000e+000) (11, 5.01849812539813200000e-001) (12, 8.48620431593329340000e-001) 
