FANN_FLO_2.1
num_layers=3
learning_rate=0.700000
connection_rate=1.000000
network_type=0
learning_momentum=0.000000
training_algorithm=2
train_error_function=1
train_stop_function=0
cascade_output_change_fraction=0.010000
quickprop_decay=-0.000100
quickprop_mu=1.750000
rprop_increase_factor=1.200000
rprop_decrease_factor=0.500000
rprop_delta_min=0.000000
rprop_delta_max=50.000000
rprop_delta_zero=0.100000
cascade_output_stagnation_epochs=12
cascade_candidate_change_fraction=0.010000
cascade_candidate_stagnation_epochs=12
cascade_max_out_epochs=150
cascade_max_cand_epochs=150
cascade_num_candidate_groups=2
bit_fail_limit=3.49999999999999980000e-001
cascade_candidate_limit=1.00000000000000000000e+003
cascade_weight_multiplier=4.00000000000000020000e-001
cascade_activation_functions_count=10
cascade_activation_functions=3 5 7 8 10 11 14 15 16 17 
cascade_activation_steepnesses_count=4
cascade_activation_steepnesses=2.50000000000000000000e-001 5.00000000000000000000e-001 7.50000000000000000000e-001 1.00000000000000000000e+000 
layer_sizes=9 4 6 
scale_included=0
neurons (num_inputs, activation_function, activation_steepness)=(0, 0, 0.00000000000000000000e+000) (0, 0, 0.00000000000000000000e+000) (0, 0, 0.00000000000000000000e+000) (0, 0, 0.00000000000000000000e+000) (0, 0, 0.00000000000000000000e+000) (0, 0, 0.00000000000000000000e+000) (0, 0, 0.00000000000000000000e+000) (0, 0, 0.00000000000000000000e+000) (0, 0, 0.00000000000000000000e+000) (9, 6, 5.00000000000000000000e-001) (9, 6, 5.00000000000000000000e-001) (9, 6, 5.00000000000000000000e-001) (0, 6, 0.00000000000000000000e+000) (4, 6, 5.00000000000000000000e-001) (4, 6, 5.00000000000000000000e-001) (4, 6, 5.00000000000000000000e-001) (4, 6, 5.00000000000000000000e-001) (4, 6, 5.00000000000000000000e-001) (0, 6, 0.00000000000000000000e+000) 
connections (connected_to_neuron, weight)=(0, 2.72587435213231060000e+000) (1, 1.51838382840968310000e+000) (2, 1.96502641978773010000e+000) (3, -1.05652348492536670000e+001) (4, 5.58416117668970370000e+000) (5, -3.32265510723007300000e+000) (6, 3.66485550212573450000e+000) (7, -6.30083551201351180000e+000) (8, -2.72734477049458360000e-001) (0, 5.71196981624128690000e+000) (1, -7.43462477846215550000e-001) (2, 2.88457293967352820000e+000) (3, -5.14126290122508060000e+000) (4, 1.77503943783347640000e+001) (5, -2.61825337008036310000e+001) (6, 4.39061238344322820000e+000) (7, -4.28303331445868900000e+000) (8, -1.30047615271366830000e+000) (0, 2.41098750343395010000e+000) (1, 1.34793104859164380000e+001) (2, 7.93075145308193990000e+000) (3, -4.39051340212462970000e+001) (4, -5.50885653379480010000e+000) (5, 2.16525249325718150000e+001) (6, 2.43406617955276450000e+001) (7, -2.96012403264618520000e+001) (8, 9.96143281521768450000e-001) (9, -1.55394926191044360000e+000) (10, 6.60628382655584880000e-001) (11, 4.19966243075893310000e-001) (12, 5.50718862343665740000e-001) (9, 1.67148704356526310000e+000) (10, -9.15054708512294420000e-001) (11, -4.05542482365072730000e-001) (12, 7.37821246200529690000e-001) (9, -4.91021256832901020000e-002) (10, -1.49490650740186050000e-001) (11, 5.37021500067359310000e-004) (12, 9.04127193243987160000e-001) (9, 2.30224200197189570000e+000) (10, -9.46076491330492870000e-001) (11, -6.82353425005257200000e-001) (12, 1.10498264967727280000e+000) (9, 1.83222138514353850000e+000) (10, -7.52635751440729360000e-001) (11, -6.71742195535011130000e-001) (12, 1.19675241970259070000e+000) 
