FANN_FLO_2.1
num_layers=3
learning_rate=0.700000
connection_rate=1.000000
network_type=0
learning_momentum=0.000000
training_algorithm=2
train_error_function=1
train_stop_function=0
cascade_output_change_fraction=0.010000
quickprop_decay=-0.000100
quickprop_mu=1.750000
rprop_increase_factor=1.200000
rprop_decrease_factor=0.500000
rprop_delta_min=0.000000
rprop_delta_max=50.000000
rprop_delta_zero=0.100000
cascade_output_stagnation_epochs=12
cascade_candidate_change_fraction=0.010000
cascade_candidate_stagnation_epochs=12
cascade_max_out_epochs=150
cascade_max_cand_epochs=150
cascade_num_candidate_groups=2
bit_fail_limit=3.49999999999999980000e-001
cascade_candidate_limit=1.00000000000000000000e+003
cascade_weight_multiplier=4.00000000000000020000e-001
cascade_activation_functions_count=10
cascade_activation_functions=3 5 7 8 10 11 14 15 16 17 
cascade_activation_steepnesses_count=4
cascade_activation_steepnesses=2.50000000000000000000e-001 5.00000000000000000000e-001 7.50000000000000000000e-001 1.00000000000000000000e+000 
layer_sizes=9 4 6 
scale_included=0
neurons (num_inputs, activation_function, activation_steepness)=(0, 0, 0.00000000000000000000e+000) (0, 0, 0.00000000000000000000e+000) (0, 0, 0.00000000000000000000e+000) (0, 0, 0.00000000000000000000e+000) (0, 0, 0.00000000000000000000e+000) (0, 0, 0.00000000000000000000e+000) (0, 0, 0.00000000000000000000e+000) (0, 0, 0.00000000000000000000e+000) (0, 0, 0.00000000000000000000e+000) (9, 6, 5.00000000000000000000e-001) (9, 6, 5.00000000000000000000e-001) (9, 6, 5.00000000000000000000e-001) (0, 6, 0.00000000000000000000e+000) (4, 6, 5.00000000000000000000e-001) (4, 6, 5.00000000000000000000e-001) (4, 6, 5.00000000000000000000e-001) (4, 6, 5.00000000000000000000e-001) (4, 6, 5.00000000000000000000e-001) (0, 6, 0.00000000000000000000e+000) 
connections (connected_to_neuron, weight)=(0, 1.09257264708541250000e+000) (1, 1.73153502185181710000e+000) (2, 3.27485965381657140000e-001) (3, -7.05156983429850290000e+000) (4, 4.07890867011510320000e+000) (5, 4.96825100802832510000e+000) (6, -7.19411163562396090000e+000) (7, -2.46051378779950760000e+000) (8, 8.18709833543838080000e-001) (0, 1.32815416709208840000e+000) (1, -1.75643041768959660000e+000) (2, 1.18589467034872250000e+000) (3, -1.99806729250154000000e-001) (4, 2.40888642740630490000e+000) (5, -2.88353459510242560000e+000) (6, 9.65145889951138040000e-001) (7, -3.10495142716551480000e+000) (8, -9.83176051955627770000e-002) (0, 2.56313322989857670000e+000) (1, -1.05717382369705580000e+000) (2, 1.61885675392048590000e+000) (3, -5.32258866513134080000e+000) (4, 6.73994240487085870000e+000) (5, -9.85009223392710580000e-001) (6, -4.71846756140083290000e+000) (7, -5.34891692722690860000e+000) (8, 2.59801686906819870000e-001) (9, 3.33799314733272680000e-002) (10, 4.39280937267958750000e-001) (11, -4.24645359372870570000e-001) (12, 6.28787990919761450000e-001) (9, 1.72630915189185450000e+000) (10, 1.30694178447576690000e+000) (11, -1.75581615631924540000e+000) (12, 4.63435440818170620000e-001) (9, -1.98453366741524080000e-001) (10, -8.56157524152796000000e-001) (11, 2.20735286251961950000e-001) (12, 9.98922316087169080000e-001) (9, 8.54772702710014930000e-001) (10, 1.68283721154842050000e+000) (11, -1.02431297268105800000e+000) (12, 8.95904144116727140000e-001) (9, -2.71880239738052950000e+000) (10, -4.21571170483023660000e+000) (11, 3.76254676027469510000e+000) (12, 1.46362814811248890000e+000) 
