FANN_FLO_2.1
num_layers=3
learning_rate=0.700000
connection_rate=1.000000
network_type=0
learning_momentum=0.000000
training_algorithm=2
train_error_function=1
train_stop_function=0
cascade_output_change_fraction=0.010000
quickprop_decay=-0.000100
quickprop_mu=1.750000
rprop_increase_factor=1.200000
rprop_decrease_factor=0.500000
rprop_delta_min=0.000000
rprop_delta_max=50.000000
rprop_delta_zero=0.100000
cascade_output_stagnation_epochs=12
cascade_candidate_change_fraction=0.010000
cascade_candidate_stagnation_epochs=12
cascade_max_out_epochs=150
cascade_max_cand_epochs=150
cascade_num_candidate_groups=2
bit_fail_limit=3.49999999999999980000e-001
cascade_candidate_limit=1.00000000000000000000e+003
cascade_weight_multiplier=4.00000000000000020000e-001
cascade_activation_functions_count=10
cascade_activation_functions=3 5 7 8 10 11 14 15 16 17 
cascade_activation_steepnesses_count=4
cascade_activation_steepnesses=2.50000000000000000000e-001 5.00000000000000000000e-001 7.50000000000000000000e-001 1.00000000000000000000e+000 
layer_sizes=9 4 6 
scale_included=0
neurons (num_inputs, activation_function, activation_steepness)=(0, 0, 0.00000000000000000000e+000) (0, 0, 0.00000000000000000000e+000) (0, 0, 0.00000000000000000000e+000) (0, 0, 0.00000000000000000000e+000) (0, 0, 0.00000000000000000000e+000) (0, 0, 0.00000000000000000000e+000) (0, 0, 0.00000000000000000000e+000) (0, 0, 0.00000000000000000000e+000) (0, 0, 0.00000000000000000000e+000) (9, 6, 5.00000000000000000000e-001) (9, 6, 5.00000000000000000000e-001) (9, 6, 5.00000000000000000000e-001) (0, 6, 0.00000000000000000000e+000) (4, 6, 5.00000000000000000000e-001) (4, 6, 5.00000000000000000000e-001) (4, 6, 5.00000000000000000000e-001) (4, 6, 5.00000000000000000000e-001) (4, 6, 5.00000000000000000000e-001) (0, 6, 0.00000000000000000000e+000) 
connections (connected_to_neuron, weight)=(0, -4.17978934889056240000e-001) (1, 4.95476310279452600000e-001) (2, -4.03878046957429240000e-001) (3, 6.72111957762831280000e-001) (4, -9.74410536004204910000e-001) (5, 5.15973972773040130000e-001) (6, -7.94399746980615080000e-002) (7, 1.07262963202890390000e+000) (8, -1.41048896767421550000e-001) (0, 6.69455691354438280000e-001) (1, -2.57797762427595720000e-001) (2, 5.85119487653138370000e-001) (3, -2.35261066894378110000e+000) (4, 1.45627886505663920000e+000) (5, 7.77938187287910200000e-001) (6, -1.48537413124396480000e+000) (7, -1.81038682019262340000e+000) (8, 3.33063256129561280000e-001) (0, -6.76433092310449080000e+000) (1, 5.51526975586442700000e+000) (2, -4.54353546299661470000e+000) (3, 9.06769363983647740000e+000) (4, -1.44654304092506580000e+001) (5, 7.33723581345492980000e+000) (6, 6.14869734734198130000e+000) (7, 1.42216382923953510000e+001) (8, -5.52624558312784450000e-001) (9, -1.91532072938707710000e+000) (10, -9.29689845751190290000e-001) (11, 1.32979173639147740000e-001) (12, 6.17100686276995880000e-001) (9, 2.64846110974382270000e+000) (10, 2.89155502242891020000e+000) (11, 3.53209684752618050000e-001) (12, 6.67357435763183630000e-001) (9, 3.69536214106992800000e+000) (10, 2.48615128350586330000e-001) (11, -1.58302898006181000000e-001) (12, 1.15115279627375510000e+000) (9, -2.08904733479256780000e+000) (10, 4.38880334541541740000e-001) (11, 1.30796620790024240000e-001) (12, 8.54416418505701270000e-001) (9, 2.98171260725927660000e+000) (10, -9.00811416834361390000e-001) (11, -5.69048606818042590000e-001) (12, 1.26642227593966570000e+000) 
