FANN_FLO_2.1
num_layers=3
learning_rate=0.700000
connection_rate=1.000000
network_type=0
learning_momentum=0.000000
training_algorithm=2
train_error_function=1
train_stop_function=0
cascade_output_change_fraction=0.010000
quickprop_decay=-0.000100
quickprop_mu=1.750000
rprop_increase_factor=1.200000
rprop_decrease_factor=0.500000
rprop_delta_min=0.000000
rprop_delta_max=50.000000
rprop_delta_zero=0.100000
cascade_output_stagnation_epochs=12
cascade_candidate_change_fraction=0.010000
cascade_candidate_stagnation_epochs=12
cascade_max_out_epochs=150
cascade_max_cand_epochs=150
cascade_num_candidate_groups=2
bit_fail_limit=3.49999999999999980000e-001
cascade_candidate_limit=1.00000000000000000000e+003
cascade_weight_multiplier=4.00000000000000020000e-001
cascade_activation_functions_count=10
cascade_activation_functions=3 5 7 8 10 11 14 15 16 17 
cascade_activation_steepnesses_count=4
cascade_activation_steepnesses=2.50000000000000000000e-001 5.00000000000000000000e-001 7.50000000000000000000e-001 1.00000000000000000000e+000 
layer_sizes=9 4 6 
scale_included=0
neurons (num_inputs, activation_function, activation_steepness)=(0, 0, 0.00000000000000000000e+000) (0, 0, 0.00000000000000000000e+000) (0, 0, 0.00000000000000000000e+000) (0, 0, 0.00000000000000000000e+000) (0, 0, 0.00000000000000000000e+000) (0, 0, 0.00000000000000000000e+000) (0, 0, 0.00000000000000000000e+000) (0, 0, 0.00000000000000000000e+000) (0, 0, 0.00000000000000000000e+000) (9, 6, 5.00000000000000000000e-001) (9, 6, 5.00000000000000000000e-001) (9, 6, 5.00000000000000000000e-001) (0, 6, 0.00000000000000000000e+000) (4, 6, 5.00000000000000000000e-001) (4, 6, 5.00000000000000000000e-001) (4, 6, 5.00000000000000000000e-001) (4, 6, 5.00000000000000000000e-001) (4, 6, 5.00000000000000000000e-001) (0, 6, 0.00000000000000000000e+000) 
connections (connected_to_neuron, weight)=(0, 6.09415772766960570000e-001) (1, -4.99034600443297950000e-001) (2, 4.61901518431492630000e-001) (3, -5.80544641881249880000e-001) (4, 1.53916727744776490000e+000) (5, -1.34996724707701450000e+000) (6, 3.89312181397261430000e-001) (7, -1.16349107841896670000e+000) (8, -7.86935880781458740000e-002) (0, -7.07781408606544260000e-001) (1, 1.19916469797901980000e+000) (2, -1.36509722084775360000e+000) (3, -7.80309396407841250000e-001) (4, -1.84105729791821800000e+000) (5, 4.70393682499981750000e+000) (6, -3.62292947164707170000e+000) (7, 2.97135780343813580000e+000) (8, 1.04196959767193140000e+000) (0, -7.18842048406053550000e+000) (1, 7.73355298657443410000e+000) (2, -5.35190391139589570000e+000) (3, 3.17120922986102590000e+000) (4, -2.59883768813191270000e+001) (5, 3.14967999544642940000e+001) (6, -7.42964572348702390000e+000) (7, 9.89367171523338310000e+000) (8, 8.51162938433067780000e-001) (9, -1.78746514568232380000e+000) (10, -9.77645107545947020000e-001) (11, -1.02647213694600620000e-002) (12, 9.75196880165822510000e-001) (9, 2.95981403977829190000e+000) (10, 8.16038329948987730000e-001) (11, 3.23002808058372280000e-001) (12, 4.45667298463629510000e-001) (9, -1.43439366378711130000e+000) (10, -2.47403117889964220000e-001) (11, 3.29369011059752960000e-002) (12, 1.04640002538953670000e+000) (9, 3.20450215462110810000e+000) (10, -1.71875498625014310000e-001) (11, 2.67078235543727230000e-001) (12, 1.11734543330805880000e+000) (9, -1.50771288106282860000e+000) (10, 1.14774207738079830000e+000) (11, -3.86188161938032790000e-001) (12, 6.19482697969866210000e-001) 
