FANN_FLO_2.1
num_layers=3
learning_rate=0.700000
connection_rate=1.000000
network_type=0
learning_momentum=0.000000
training_algorithm=2
train_error_function=1
train_stop_function=0
cascade_output_change_fraction=0.010000
quickprop_decay=-0.000100
quickprop_mu=1.750000
rprop_increase_factor=1.200000
rprop_decrease_factor=0.500000
rprop_delta_min=0.000000
rprop_delta_max=50.000000
rprop_delta_zero=0.100000
cascade_output_stagnation_epochs=12
cascade_candidate_change_fraction=0.010000
cascade_candidate_stagnation_epochs=12
cascade_max_out_epochs=150
cascade_max_cand_epochs=150
cascade_num_candidate_groups=2
bit_fail_limit=3.49999999999999980000e-001
cascade_candidate_limit=1.00000000000000000000e+003
cascade_weight_multiplier=4.00000000000000020000e-001
cascade_activation_functions_count=10
cascade_activation_functions=3 5 7 8 10 11 14 15 16 17 
cascade_activation_steepnesses_count=4
cascade_activation_steepnesses=2.50000000000000000000e-001 5.00000000000000000000e-001 7.50000000000000000000e-001 1.00000000000000000000e+000 
layer_sizes=9 4 6 
scale_included=0
neurons (num_inputs, activation_function, activation_steepness)=(0, 0, 0.00000000000000000000e+000) (0, 0, 0.00000000000000000000e+000) (0, 0, 0.00000000000000000000e+000) (0, 0, 0.00000000000000000000e+000) (0, 0, 0.00000000000000000000e+000) (0, 0, 0.00000000000000000000e+000) (0, 0, 0.00000000000000000000e+000) (0, 0, 0.00000000000000000000e+000) (0, 0, 0.00000000000000000000e+000) (9, 6, 5.00000000000000000000e-001) (9, 6, 5.00000000000000000000e-001) (9, 6, 5.00000000000000000000e-001) (0, 6, 0.00000000000000000000e+000) (4, 6, 5.00000000000000000000e-001) (4, 6, 5.00000000000000000000e-001) (4, 6, 5.00000000000000000000e-001) (4, 6, 5.00000000000000000000e-001) (4, 6, 5.00000000000000000000e-001) (0, 6, 0.00000000000000000000e+000) 
connections (connected_to_neuron, weight)=(0, -6.61227273894588930000e+000) (1, 3.70850616566112910000e+000) (2, -5.92337807463810150000e+000) (3, -8.57071501318200870000e-001) (4, -1.97740494302403180000e+001) (5, 4.36484123410161620000e+001) (6, -9.83431898756250610000e+000) (7, -1.88643696403678530000e+000) (8, 2.55395426348792750000e+000) (0, 1.76650689443185690000e+000) (1, -7.37178737494998960000e-001) (2, 7.73443972582146590000e-001) (3, -1.05353506898286820000e+000) (4, 4.38729411143145050000e+000) (5, -5.72074067262979200000e+000) (6, -5.11321528195810340000e-001) (7, 1.05142327686293060000e+000) (8, -7.10275576839341950000e-001) (0, -1.67667995881808520000e+001) (1, 6.65580333528176560000e+000) (2, -3.35505818520920370000e+001) (3, -3.14738273856286380000e+001) (4, -2.07398039861423200000e+001) (5, 1.37981222564714930000e+002) (6, -1.00206141294615220000e+002) (7, 1.36478535033429010000e+002) (8, 9.06619781695053820000e+000) (9, -6.07768914841606890000e-001) (10, -1.58525327719645230000e+000) (11, 6.91868261903115650000e-002) (12, 4.94680383661564800000e-001) (9, 7.92327204956356000000e-001) (10, 1.35577558784144500000e+000) (11, -2.02704726629300640000e-001) (12, 8.31189134381596250000e-001) (9, -9.90334986287969700000e-002) (10, -6.28842518810789560000e-001) (11, 5.36771125637161770000e-002) (12, 8.17583999260983130000e-001) (9, 1.01138669324234120000e+000) (10, 2.04647757876554430000e+000) (11, -6.61408454860018760000e-001) (12, 1.51984266445056540000e+000) (9, -1.77579488631087300000e-001) (10, 1.19732588340902420000e-001) (11, 2.63960155847499600000e-001) (12, 9.86842034673427350000e-001) 
