FANN_FLO_2.1
num_layers=3
learning_rate=0.700000
connection_rate=1.000000
network_type=0
learning_momentum=0.000000
training_algorithm=2
train_error_function=1
train_stop_function=0
cascade_output_change_fraction=0.010000
quickprop_decay=-0.000100
quickprop_mu=1.750000
rprop_increase_factor=1.200000
rprop_decrease_factor=0.500000
rprop_delta_min=0.000000
rprop_delta_max=50.000000
rprop_delta_zero=0.100000
cascade_output_stagnation_epochs=12
cascade_candidate_change_fraction=0.010000
cascade_candidate_stagnation_epochs=12
cascade_max_out_epochs=150
cascade_max_cand_epochs=150
cascade_num_candidate_groups=2
bit_fail_limit=3.49999999999999980000e-001
cascade_candidate_limit=1.00000000000000000000e+003
cascade_weight_multiplier=4.00000000000000020000e-001
cascade_activation_functions_count=10
cascade_activation_functions=3 5 7 8 10 11 14 15 16 17 
cascade_activation_steepnesses_count=4
cascade_activation_steepnesses=2.50000000000000000000e-001 5.00000000000000000000e-001 7.50000000000000000000e-001 1.00000000000000000000e+000 
layer_sizes=9 4 6 
scale_included=0
neurons (num_inputs, activation_function, activation_steepness)=(0, 0, 0.00000000000000000000e+000) (0, 0, 0.00000000000000000000e+000) (0, 0, 0.00000000000000000000e+000) (0, 0, 0.00000000000000000000e+000) (0, 0, 0.00000000000000000000e+000) (0, 0, 0.00000000000000000000e+000) (0, 0, 0.00000000000000000000e+000) (0, 0, 0.00000000000000000000e+000) (0, 0, 0.00000000000000000000e+000) (9, 6, 5.00000000000000000000e-001) (9, 6, 5.00000000000000000000e-001) (9, 6, 5.00000000000000000000e-001) (0, 6, 0.00000000000000000000e+000) (4, 6, 5.00000000000000000000e-001) (4, 6, 5.00000000000000000000e-001) (4, 6, 5.00000000000000000000e-001) (4, 6, 5.00000000000000000000e-001) (4, 6, 5.00000000000000000000e-001) (0, 6, 0.00000000000000000000e+000) 
connections (connected_to_neuron, weight)=(0, 6.42550643515382890000e+000) (1, -9.49806980423985970000e+000) (2, 2.90545923399941630000e+000) (3, -1.22869045961196920000e+000) (4, 2.24749832637580060000e+001) (5, -2.21417117884152330000e+001) (6, -9.32057464234481550000e-001) (7, -2.54717861409845050000e+000) (8, -2.90523909862499150000e-001) (0, -3.69633299541685670000e-001) (1, 4.54047848278246010000e-001) (2, -1.94561394110898370000e-001) (3, 3.92541000598176980000e-001) (4, -1.04321712571465500000e+000) (5, 5.42853440093261530000e-001) (6, 2.31892548818664610000e-001) (7, 4.70328969770801910000e-001) (8, 4.15929915414351390000e-003) (0, -1.42311999085283250000e+000) (1, 8.00190509081598940000e-001) (2, 4.80060954284892590000e-001) (3, 3.68630529982506870000e+000) (4, -5.41475328140316310000e+000) (5, -1.12732570804214590000e+000) (6, 8.43127677850229950000e+000) (7, -1.44838753332291480000e+000) (8, 6.71583076067449380000e-001) (9, 3.02250394653065830000e-003) (10, -8.41265423141660200000e-001) (11, 4.74433126279287460000e-001) (12, 4.23691115625749960000e-001) (9, -3.68775864042767580000e-001) (10, -1.30060698983902650000e+000) (11, -5.17433486750225270000e-001) (12, 9.68333725241416920000e-001) (9, 2.23196275566846710000e-003) (10, 2.95529493866899530000e+000) (11, -1.49289335234922300000e-001) (12, 1.03349299439477330000e+000) (9, -1.48133656704528160000e-001) (10, -3.88013079701076570000e+000) (11, 6.84816203459319570000e-002) (12, 9.89689430354930840000e-001) (9, 4.16483309079764660000e-001) (10, 6.91226304642902980000e+000) (11, -7.29748717950327590000e-001) (12, 1.34218779556907420000e+000) 
