FANN_FLO_2.1
num_layers=3
learning_rate=0.700000
connection_rate=1.000000
network_type=0
learning_momentum=0.000000
training_algorithm=2
train_error_function=1
train_stop_function=0
cascade_output_change_fraction=0.010000
quickprop_decay=-0.000100
quickprop_mu=1.750000
rprop_increase_factor=1.200000
rprop_decrease_factor=0.500000
rprop_delta_min=0.000000
rprop_delta_max=50.000000
rprop_delta_zero=0.100000
cascade_output_stagnation_epochs=12
cascade_candidate_change_fraction=0.010000
cascade_candidate_stagnation_epochs=12
cascade_max_out_epochs=150
cascade_max_cand_epochs=150
cascade_num_candidate_groups=2
bit_fail_limit=3.49999999999999980000e-001
cascade_candidate_limit=1.00000000000000000000e+003
cascade_weight_multiplier=4.00000000000000020000e-001
cascade_activation_functions_count=10
cascade_activation_functions=3 5 7 8 10 11 14 15 16 17 
cascade_activation_steepnesses_count=4
cascade_activation_steepnesses=2.50000000000000000000e-001 5.00000000000000000000e-001 7.50000000000000000000e-001 1.00000000000000000000e+000 
layer_sizes=9 4 6 
scale_included=0
neurons (num_inputs, activation_function, activation_steepness)=(0, 0, 0.00000000000000000000e+000) (0, 0, 0.00000000000000000000e+000) (0, 0, 0.00000000000000000000e+000) (0, 0, 0.00000000000000000000e+000) (0, 0, 0.00000000000000000000e+000) (0, 0, 0.00000000000000000000e+000) (0, 0, 0.00000000000000000000e+000) (0, 0, 0.00000000000000000000e+000) (0, 0, 0.00000000000000000000e+000) (9, 6, 5.00000000000000000000e-001) (9, 6, 5.00000000000000000000e-001) (9, 6, 5.00000000000000000000e-001) (0, 6, 0.00000000000000000000e+000) (4, 6, 5.00000000000000000000e-001) (4, 6, 5.00000000000000000000e-001) (4, 6, 5.00000000000000000000e-001) (4, 6, 5.00000000000000000000e-001) (4, 6, 5.00000000000000000000e-001) (0, 6, 0.00000000000000000000e+000) 
connections (connected_to_neuron, weight)=(0, 8.91762542768413800000e+000) (1, -1.25345732050013150000e+001) (2, 1.19170651085005800000e+001) (3, 1.50359854277699170000e+001) (4, 3.41765738795975200000e+001) (5, -8.62549087151436850000e+001) (6, 3.54481555422267360000e+001) (7, -5.10613236838893240000e+000) (8, -4.18925118224458440000e+000) (0, -1.79505451385618780000e+001) (1, 1.30179559265420010000e+001) (2, -4.06261985074280290000e+001) (3, -3.92779754640756240000e+001) (4, -2.63121990092777520000e+001) (5, 1.71947766703022130000e+002) (6, -1.22867603158285310000e+002) (7, 1.63173298745918520000e+002) (8, 9.23912358331455330000e+000) (0, 7.87788347856275160000e-001) (1, -7.43228021496537110000e-001) (2, 2.72777499909730990000e-001) (3, 2.95227463895767870000e-002) (4, 2.18997832850006670000e+000) (5, -2.15315803761336520000e+000) (6, -9.81669454907462960000e-002) (7, 3.91705636718169660000e-001) (8, -8.55396825759205670000e-002) (9, 4.28891960245986530000e-001) (10, 1.59198800898803560000e-001) (11, -2.08390848098195840000e+000) (12, 7.55529023550430830000e-001) (9, -3.12830949121059520000e-001) (10, -1.64336034678629950000e-001) (11, 4.24938067455028710000e-001) (12, 7.20631776055689290000e-001) (9, 1.06770897190376840000e-001) (10, 8.14882074951510660000e-002) (11, -1.30542021124337610000e+000) (12, 9.69304601104952420000e-001) (9, -6.68169984457571480000e-001) (10, -7.14072005266701120000e-001) (11, 2.28703306640188410000e+000) (12, 1.18026795784891390000e+000) (9, 2.91476769667841140000e-001) (10, 3.68652908400158960000e-001) (11, 6.36000019488009720000e-002) (12, 9.77154110481513130000e-001) 
