FANN_FLO_2.1
num_layers=3
learning_rate=0.700000
connection_rate=1.000000
network_type=0
learning_momentum=0.000000
training_algorithm=2
train_error_function=1
train_stop_function=0
cascade_output_change_fraction=0.010000
quickprop_decay=-0.000100
quickprop_mu=1.750000
rprop_increase_factor=1.200000
rprop_decrease_factor=0.500000
rprop_delta_min=0.000000
rprop_delta_max=50.000000
rprop_delta_zero=0.100000
cascade_output_stagnation_epochs=12
cascade_candidate_change_fraction=0.010000
cascade_candidate_stagnation_epochs=12
cascade_max_out_epochs=150
cascade_max_cand_epochs=150
cascade_num_candidate_groups=2
bit_fail_limit=3.49999999999999980000e-001
cascade_candidate_limit=1.00000000000000000000e+003
cascade_weight_multiplier=4.00000000000000020000e-001
cascade_activation_functions_count=10
cascade_activation_functions=3 5 7 8 10 11 14 15 16 17 
cascade_activation_steepnesses_count=4
cascade_activation_steepnesses=2.50000000000000000000e-001 5.00000000000000000000e-001 7.50000000000000000000e-001 1.00000000000000000000e+000 
layer_sizes=9 4 6 
scale_included=0
neurons (num_inputs, activation_function, activation_steepness)=(0, 0, 0.00000000000000000000e+000) (0, 0, 0.00000000000000000000e+000) (0, 0, 0.00000000000000000000e+000) (0, 0, 0.00000000000000000000e+000) (0, 0, 0.00000000000000000000e+000) (0, 0, 0.00000000000000000000e+000) (0, 0, 0.00000000000000000000e+000) (0, 0, 0.00000000000000000000e+000) (0, 0, 0.00000000000000000000e+000) (9, 6, 5.00000000000000000000e-001) (9, 6, 5.00000000000000000000e-001) (9, 6, 5.00000000000000000000e-001) (0, 6, 0.00000000000000000000e+000) (4, 6, 5.00000000000000000000e-001) (4, 6, 5.00000000000000000000e-001) (4, 6, 5.00000000000000000000e-001) (4, 6, 5.00000000000000000000e-001) (4, 6, 5.00000000000000000000e-001) (0, 6, 0.00000000000000000000e+000) 
connections (connected_to_neuron, weight)=(0, 4.18551797948097980000e+000) (1, -7.26601290842775070000e+000) (2, 8.61946835915314940000e+000) (3, 4.08411596156678150000e+000) (4, 3.31537212754043060000e+000) (5, -1.59374347862214840000e+001) (6, 5.99318524060216880000e+000) (7, -1.06575805634478870000e+001) (8, -9.77459427248809740000e-001) (0, -2.32650266504936280000e-001) (1, -1.11065718665834010000e+000) (2, 1.19808150816293830000e-001) (3, 5.92919950163100660000e+000) (4, -4.87374425734468810000e+000) (5, -5.66479932473703940000e+000) (6, 6.74671030342232130000e+000) (7, 1.33523829780799330000e+000) (8, -4.71715657010469640000e-001) (0, -2.81648487875278740000e+000) (1, 2.60408202597594410000e+000) (2, -4.37887719480866980000e+000) (3, 5.23601478958177240000e+000) (4, -9.39146288352742960000e+000) (5, 1.63379206185827150000e+000) (6, 6.28163207048411550000e+000) (7, 7.28684750024518110000e+000) (8, 1.58947595076748880000e-001) (9, 4.66254161795338000000e-002) (10, 5.62456432033117270000e-002) (11, 1.75845883969414890000e-001) (12, 5.96031498103519300000e-001) (9, 1.44271150938264870000e-001) (10, -1.02441739322477470000e+000) (11, 5.54352211697487500000e-001) (12, 6.46124441579032040000e-001) (9, -6.89587283029921010000e-001) (10, 1.29281566901665750000e+000) (11, -8.50992959662045580000e-001) (12, 1.01981078114349310000e+000) (9, 3.04529269403543520000e-001) (10, -6.29350727526130970000e-001) (11, 3.01667853922062910000e-001) (12, 9.99789058297523180000e-001) (9, -2.31875680607433270000e+000) (10, 4.66226385381727670000e+000) (11, -3.89087157037775500000e+000) (12, 1.32881333060640540000e+000) 
