FANN_FLO_2.1
num_layers=3
learning_rate=0.700000
connection_rate=1.000000
network_type=0
learning_momentum=0.000000
training_algorithm=2
train_error_function=1
train_stop_function=0
cascade_output_change_fraction=0.010000
quickprop_decay=-0.000100
quickprop_mu=1.750000
rprop_increase_factor=1.200000
rprop_decrease_factor=0.500000
rprop_delta_min=0.000000
rprop_delta_max=50.000000
rprop_delta_zero=0.100000
cascade_output_stagnation_epochs=12
cascade_candidate_change_fraction=0.010000
cascade_candidate_stagnation_epochs=12
cascade_max_out_epochs=150
cascade_max_cand_epochs=150
cascade_num_candidate_groups=2
bit_fail_limit=3.49999999999999980000e-001
cascade_candidate_limit=1.00000000000000000000e+003
cascade_weight_multiplier=4.00000000000000020000e-001
cascade_activation_functions_count=10
cascade_activation_functions=3 5 7 8 10 11 14 15 16 17 
cascade_activation_steepnesses_count=4
cascade_activation_steepnesses=2.50000000000000000000e-001 5.00000000000000000000e-001 7.50000000000000000000e-001 1.00000000000000000000e+000 
layer_sizes=9 4 6 
scale_included=0
neurons (num_inputs, activation_function, activation_steepness)=(0, 0, 0.00000000000000000000e+000) (0, 0, 0.00000000000000000000e+000) (0, 0, 0.00000000000000000000e+000) (0, 0, 0.00000000000000000000e+000) (0, 0, 0.00000000000000000000e+000) (0, 0, 0.00000000000000000000e+000) (0, 0, 0.00000000000000000000e+000) (0, 0, 0.00000000000000000000e+000) (0, 0, 0.00000000000000000000e+000) (9, 6, 5.00000000000000000000e-001) (9, 6, 5.00000000000000000000e-001) (9, 6, 5.00000000000000000000e-001) (0, 6, 0.00000000000000000000e+000) (4, 6, 5.00000000000000000000e-001) (4, 6, 5.00000000000000000000e-001) (4, 6, 5.00000000000000000000e-001) (4, 6, 5.00000000000000000000e-001) (4, 6, 5.00000000000000000000e-001) (0, 6, 0.00000000000000000000e+000) 
connections (connected_to_neuron, weight)=(0, -8.77099073131482210000e+002) (1, 1.02743302743148870000e+003) (2, -3.69122583735577000000e+002) (3, -6.38282049584834110000e+002) (4, -1.41780292159984240000e+003) (5, 1.50000000000000000000e+003) (6, -3.24049665572817670000e+002) (7, 3.87490145666406700000e+002) (8, -1.46365837056053110000e+001) (0, -8.07083076261252750000e-001) (1, 7.44337153605615700000e-001) (2, -1.77098823666847010000e-001) (3, 1.99864702284360910000e+000) (4, -1.51467204292870080000e+000) (5, -1.25968240450638150000e+000) (6, 5.69733788127358980000e-001) (7, 6.05327525200902160000e-001) (8, 1.04775011927893050000e+000) (0, -1.21951491536021960000e-001) (1, -3.26243168013376440000e-001) (2, 1.45338174447331850000e-001) (3, 1.29017479353903490000e+000) (4, -1.50353229367794440000e-001) (5, -1.77279275605405680000e+000) (6, 1.29339369510610800000e+000) (7, -7.02492558809544590000e-002) (8, 1.56986064580339530000e-001) (9, 5.08427968768213680000e-002) (10, 9.79198557609860660000e-002) (11, 1.68134035997097180000e+000) (12, 4.53389198381771220000e-001) (9, 1.17252301676207290000e-002) (10, 1.05043925494431470000e+000) (11, -3.34447932367424720000e+000) (12, 5.92980574553798050000e-001) (9, 3.07442805051600830000e-002) (10, 1.23940101016636390000e+000) (11, -5.80014996137528720000e-001) (12, 4.76918258633179550000e-001) (9, -1.53307976587591460000e-001) (10, -3.67415648571125410000e-001) (11, -9.34288062936924350000e-001) (12, 1.12498521303070810000e+000) (9, -1.49505069293755930000e-001) (10, 3.08173328958462060000e-001) (11, -8.15802645531177540000e-001) (12, 8.54698124114656620000e-001) 
