FANN_FLO_2.1
num_layers=3
learning_rate=0.700000
connection_rate=1.000000
network_type=0
learning_momentum=0.000000
training_algorithm=2
train_error_function=1
train_stop_function=0
cascade_output_change_fraction=0.010000
quickprop_decay=-0.000100
quickprop_mu=1.750000
rprop_increase_factor=1.200000
rprop_decrease_factor=0.500000
rprop_delta_min=0.000000
rprop_delta_max=50.000000
rprop_delta_zero=0.100000
cascade_output_stagnation_epochs=12
cascade_candidate_change_fraction=0.010000
cascade_candidate_stagnation_epochs=12
cascade_max_out_epochs=150
cascade_max_cand_epochs=150
cascade_num_candidate_groups=2
bit_fail_limit=3.49999999999999980000e-001
cascade_candidate_limit=1.00000000000000000000e+003
cascade_weight_multiplier=4.00000000000000020000e-001
cascade_activation_functions_count=10
cascade_activation_functions=3 5 7 8 10 11 14 15 16 17 
cascade_activation_steepnesses_count=4
cascade_activation_steepnesses=2.50000000000000000000e-001 5.00000000000000000000e-001 7.50000000000000000000e-001 1.00000000000000000000e+000 
layer_sizes=9 4 6 
scale_included=0
neurons (num_inputs, activation_function, activation_steepness)=(0, 0, 0.00000000000000000000e+000) (0, 0, 0.00000000000000000000e+000) (0, 0, 0.00000000000000000000e+000) (0, 0, 0.00000000000000000000e+000) (0, 0, 0.00000000000000000000e+000) (0, 0, 0.00000000000000000000e+000) (0, 0, 0.00000000000000000000e+000) (0, 0, 0.00000000000000000000e+000) (0, 0, 0.00000000000000000000e+000) (9, 6, 5.00000000000000000000e-001) (9, 6, 5.00000000000000000000e-001) (9, 6, 5.00000000000000000000e-001) (0, 6, 0.00000000000000000000e+000) (4, 6, 5.00000000000000000000e-001) (4, 6, 5.00000000000000000000e-001) (4, 6, 5.00000000000000000000e-001) (4, 6, 5.00000000000000000000e-001) (4, 6, 5.00000000000000000000e-001) (0, 6, 0.00000000000000000000e+000) 
connections (connected_to_neuron, weight)=(0, 1.50000000000000000000e+003) (1, -7.05162039418150020000e+002) (2, -2.83209024655509120000e+001) (3, 1.50000000000000000000e+003) (4, 1.09358573002851520000e+003) (5, -1.44149082668570010000e+003) (6, -5.52581496136071100000e+001) (7, 1.00109522064643340000e+002) (8, 1.75491328486892010000e+001) (0, 1.90769601590464010000e+000) (1, 2.74718956450367420000e-001) (2, 9.08269510956884570000e-001) (3, -4.28873521587567640000e+000) (4, 4.09177631767155870000e+000) (5, -3.28856945897963500000e+000) (6, -2.07243687241213870000e+000) (7, -2.09527839882758800000e-001) (8, -9.64026932483658450000e-001) (0, -9.22243286649051800000e+000) (1, 4.53065370492099660000e-001) (2, -7.07341472137704660000e+000) (3, 1.70749596111946400000e+001) (4, -2.82540477141491630000e+001) (5, 4.78288154771684190000e+001) (6, 1.70636274497564160000e+000) (7, -4.50237341591699900000e+000) (8, 1.92593676748540470000e+000) (9, -1.53430286431163990000e-001) (10, -1.05570102109659140000e+000) (11, -2.83235174197212720000e-001) (12, 4.56189280695388060000e-001) (9, -5.35782298649998340000e-002) (10, 1.49744537593711910000e+000) (11, 5.56170679900329420000e-001) (12, 1.15884774404181970000e+000) (9, -6.04249847198269980000e-002) (10, -9.32535941015295440000e-002) (11, 1.12769747846211870000e-001) (12, 9.26737886556236790000e-001) (9, 1.75112713909142210000e-001) (10, 1.27895417040396060000e+000) (11, 3.26386630663278390000e-001) (12, 1.19213383988492020000e+000) (9, 1.83268392883360030000e-001) (10, -2.56318844562160700000e-001) (11, -9.69002259690649460000e-002) (12, 8.49170440390065840000e-001) 
