FANN_FLO_2.1
num_layers=3
learning_rate=0.700000
connection_rate=1.000000
network_type=0
learning_momentum=0.000000
training_algorithm=2
train_error_function=1
train_stop_function=0
cascade_output_change_fraction=0.010000
quickprop_decay=-0.000100
quickprop_mu=1.750000
rprop_increase_factor=1.200000
rprop_decrease_factor=0.500000
rprop_delta_min=0.000000
rprop_delta_max=50.000000
rprop_delta_zero=0.100000
cascade_output_stagnation_epochs=12
cascade_candidate_change_fraction=0.010000
cascade_candidate_stagnation_epochs=12
cascade_max_out_epochs=150
cascade_max_cand_epochs=150
cascade_num_candidate_groups=2
bit_fail_limit=3.49999999999999980000e-001
cascade_candidate_limit=1.00000000000000000000e+003
cascade_weight_multiplier=4.00000000000000020000e-001
cascade_activation_functions_count=10
cascade_activation_functions=3 5 7 8 10 11 14 15 16 17 
cascade_activation_steepnesses_count=4
cascade_activation_steepnesses=2.50000000000000000000e-001 5.00000000000000000000e-001 7.50000000000000000000e-001 1.00000000000000000000e+000 
layer_sizes=9 4 6 
scale_included=0
neurons (num_inputs, activation_function, activation_steepness)=(0, 0, 0.00000000000000000000e+000) (0, 0, 0.00000000000000000000e+000) (0, 0, 0.00000000000000000000e+000) (0, 0, 0.00000000000000000000e+000) (0, 0, 0.00000000000000000000e+000) (0, 0, 0.00000000000000000000e+000) (0, 0, 0.00000000000000000000e+000) (0, 0, 0.00000000000000000000e+000) (0, 0, 0.00000000000000000000e+000) (9, 6, 5.00000000000000000000e-001) (9, 6, 5.00000000000000000000e-001) (9, 6, 5.00000000000000000000e-001) (0, 6, 0.00000000000000000000e+000) (4, 6, 5.00000000000000000000e-001) (4, 6, 5.00000000000000000000e-001) (4, 6, 5.00000000000000000000e-001) (4, 6, 5.00000000000000000000e-001) (4, 6, 5.00000000000000000000e-001) (0, 6, 0.00000000000000000000e+000) 
connections (connected_to_neuron, weight)=(0, -8.42486441502526700000e+000) (1, 2.64224866726673290000e+000) (2, -6.72483650268439350000e+000) (3, 1.44986038394813830000e+000) (4, -2.64382480566551660000e+001) (5, 5.89421887448322220000e+001) (6, -2.06603896879161330000e+001) (7, 8.27148418068976280000e+000) (8, 2.46862076745835290000e+000) (0, 2.74702221493492660000e+000) (1, -1.13403053473925390000e+000) (2, 4.93554740740431040000e-001) (3, -1.09915431002734860000e+000) (4, 6.34605499393199320000e+000) (5, -7.94911847939525450000e+000) (6, 5.65162522290593380000e-001) (7, -8.65556741069768210000e-001) (8, 1.97240627824001380000e-002) (0, -1.36141505414053650000e+000) (1, 4.11016558103433070000e-001) (2, -4.08614854130552210000e-001) (3, 7.31981338973079930000e-001) (4, -2.89316287124679630000e+000) (5, 3.67823992483691860000e+000) (6, -6.08666481957571560000e-001) (7, 1.00578253964562590000e+000) (8, 9.79997636268611500000e-002) (9, -3.82892048412579010000e-001) (10, -3.39246234652308910000e-001) (11, 1.18597026555806860000e+000) (12, 8.38115691840823130000e-001) (9, 3.50783918868984360000e-001) (10, -1.23510001227908180000e+000) (11, -3.19585927485113520000e+000) (12, 7.12366222365503510000e-001) (9, 2.00953645952457500000e-002) (10, -9.20194904259646480000e-002) (11, 3.75985190282528750000e-001) (12, 9.61596486077372690000e-001) (9, 2.69655041922094440000e-001) (10, -1.35120096148552470000e+000) (11, -4.01443680742557160000e+000) (12, 9.93680665981197310000e-001) (9, 1.73521373072779320000e-001) (10, 2.71564314899476100000e+000) (11, 3.92452391493009100000e+000) (12, 7.28295355136268420000e-001) 
