FANN_FLO_2.1
num_layers=3
learning_rate=0.700000
connection_rate=1.000000
network_type=0
learning_momentum=0.000000
training_algorithm=2
train_error_function=1
train_stop_function=0
cascade_output_change_fraction=0.010000
quickprop_decay=-0.000100
quickprop_mu=1.750000
rprop_increase_factor=1.200000
rprop_decrease_factor=0.500000
rprop_delta_min=0.000000
rprop_delta_max=50.000000
rprop_delta_zero=0.100000
cascade_output_stagnation_epochs=12
cascade_candidate_change_fraction=0.010000
cascade_candidate_stagnation_epochs=12
cascade_max_out_epochs=150
cascade_max_cand_epochs=150
cascade_num_candidate_groups=2
bit_fail_limit=3.49999999999999980000e-001
cascade_candidate_limit=1.00000000000000000000e+003
cascade_weight_multiplier=4.00000000000000020000e-001
cascade_activation_functions_count=10
cascade_activation_functions=3 5 7 8 10 11 14 15 16 17 
cascade_activation_steepnesses_count=4
cascade_activation_steepnesses=2.50000000000000000000e-001 5.00000000000000000000e-001 7.50000000000000000000e-001 1.00000000000000000000e+000 
layer_sizes=9 4 6 
scale_included=0
neurons (num_inputs, activation_function, activation_steepness)=(0, 0, 0.00000000000000000000e+000) (0, 0, 0.00000000000000000000e+000) (0, 0, 0.00000000000000000000e+000) (0, 0, 0.00000000000000000000e+000) (0, 0, 0.00000000000000000000e+000) (0, 0, 0.00000000000000000000e+000) (0, 0, 0.00000000000000000000e+000) (0, 0, 0.00000000000000000000e+000) (0, 0, 0.00000000000000000000e+000) (9, 6, 5.00000000000000000000e-001) (9, 6, 5.00000000000000000000e-001) (9, 6, 5.00000000000000000000e-001) (0, 6, 0.00000000000000000000e+000) (4, 6, 5.00000000000000000000e-001) (4, 6, 5.00000000000000000000e-001) (4, 6, 5.00000000000000000000e-001) (4, 6, 5.00000000000000000000e-001) (4, 6, 5.00000000000000000000e-001) (0, 6, 0.00000000000000000000e+000) 
connections (connected_to_neuron, weight)=(0, 2.73710388810995300000e+001) (1, 4.30514691279632520000e+001) (2, 6.87428173230742910000e+001) (3, 3.55525442272465720000e+000) (4, -8.47001225849968050000e+001) (5, 4.05933396069818500000e+001) (6, -6.04740868743476500000e+000) (7, -3.92020075528580230000e+000) (8, 2.39812137664337840000e+000) (0, 1.50000000000000000000e+003) (1, 5.61281676958776070000e+002) (2, -3.66907600639321670000e+001) (3, -1.24389574458135600000e+002) (4, -3.12472815462932090000e+002) (5, 7.38954357738548710000e+001) (6, -2.79543485677280050000e+002) (7, -3.31066452391702000000e+002) (8, 6.29130058433674840000e+000) (0, -5.30868677297831490000e-001) (1, 8.59151223422090720000e-001) (2, -2.53207307751843690000e-001) (3, -2.07670660891493110000e-001) (4, -1.28851517116470380000e+000) (5, 1.71625462617373500000e+000) (6, -7.04808847331279910000e-001) (7, 6.17016712430784710000e-001) (8, 6.06641499879674200000e-001) (9, 1.99783393538338540000e-001) (10, -1.70847399130169830000e-001) (11, 6.53113221753237050000e-002) (12, 5.13336925195611690000e-001) (9, -1.99057044543263450000e-001) (10, 8.62750769748156650000e-002) (11, 1.31577479399801000000e+000) (12, 5.87863632857520860000e-001) (9, -3.77856183182093300000e-003) (10, 2.87735144442133050000e-002) (11, 1.60730436578868610000e+000) (12, 5.30543982312969510000e-001) (9, -1.62442669197590370000e-001) (10, 6.73042817356109550000e-002) (11, -9.81730662840612830000e-001) (12, 1.38157223280597830000e+000) (9, -7.28207021374306930000e-001) (10, 7.81456476150748230000e-002) (11, -3.77176926213508790000e-001) (12, 1.78485868303714400000e+000) 
