FANN_FLO_2.1
num_layers=3
learning_rate=0.700000
connection_rate=1.000000
network_type=0
learning_momentum=0.000000
training_algorithm=2
train_error_function=1
train_stop_function=0
cascade_output_change_fraction=0.010000
quickprop_decay=-0.000100
quickprop_mu=1.750000
rprop_increase_factor=1.200000
rprop_decrease_factor=0.500000
rprop_delta_min=0.000000
rprop_delta_max=50.000000
rprop_delta_zero=0.100000
cascade_output_stagnation_epochs=12
cascade_candidate_change_fraction=0.010000
cascade_candidate_stagnation_epochs=12
cascade_max_out_epochs=150
cascade_max_cand_epochs=150
cascade_num_candidate_groups=2
bit_fail_limit=3.49999999999999980000e-001
cascade_candidate_limit=1.00000000000000000000e+003
cascade_weight_multiplier=4.00000000000000020000e-001
cascade_activation_functions_count=10
cascade_activation_functions=3 5 7 8 10 11 14 15 16 17 
cascade_activation_steepnesses_count=4
cascade_activation_steepnesses=2.50000000000000000000e-001 5.00000000000000000000e-001 7.50000000000000000000e-001 1.00000000000000000000e+000 
layer_sizes=9 4 6 
scale_included=0
neurons (num_inputs, activation_function, activation_steepness)=(0, 0, 0.00000000000000000000e+000) (0, 0, 0.00000000000000000000e+000) (0, 0, 0.00000000000000000000e+000) (0, 0, 0.00000000000000000000e+000) (0, 0, 0.00000000000000000000e+000) (0, 0, 0.00000000000000000000e+000) (0, 0, 0.00000000000000000000e+000) (0, 0, 0.00000000000000000000e+000) (0, 0, 0.00000000000000000000e+000) (9, 6, 5.00000000000000000000e-001) (9, 6, 5.00000000000000000000e-001) (9, 6, 5.00000000000000000000e-001) (0, 6, 0.00000000000000000000e+000) (4, 6, 5.00000000000000000000e-001) (4, 6, 5.00000000000000000000e-001) (4, 6, 5.00000000000000000000e-001) (4, 6, 5.00000000000000000000e-001) (4, 6, 5.00000000000000000000e-001) (0, 6, 0.00000000000000000000e+000) 
connections (connected_to_neuron, weight)=(0, 5.05677312223384410000e-001) (1, 8.49934031384860230000e+000) (2, -3.92947159512754320000e+000) (3, 2.11680945881780370000e+000) (4, 3.84230962552295940000e+000) (5, -1.34601737706675080000e+001) (6, 8.59097886904399030000e+000) (7, 5.06977268518940250000e+000) (8, 6.23971538136993130000e-001) (0, -7.18787012727685150000e+000) (1, 6.80125626235597200000e+000) (2, -2.12785295136800690000e+000) (3, -4.49805390964109630000e+000) (4, -2.20868113782941720000e+001) (5, 2.20590985060020940000e+001) (6, 1.46247758011929210000e+001) (7, -6.63585855349929420000e+000) (8, 1.18778548554325060000e+000) (0, 5.38027081484656300000e+000) (1, -1.40512134303230990000e+001) (2, 4.93056616208503940000e+000) (3, 2.57093320436399040000e-001) (4, 1.23550096409523730000e+001) (5, 3.03086502719638150000e+000) (6, -2.34614441573938920000e+001) (7, 1.31529655776374450000e+000) (8, -2.88211791925013340000e-001) (9, -1.23134209081285610000e+000) (10, -7.74290426535798710000e-001) (11, -9.60253245205494710000e-001) (12, 1.21747911013272050000e+000) (9, 1.03201063496045340000e+000) (10, 8.62812171698045690000e-001) (11, 8.75251683216681010000e-001) (12, 2.11309934426876570000e-001) (9, -2.07782862209373750000e-001) (10, 3.54509248108859920000e-002) (11, -1.00913244232678130000e-001) (12, 1.02801680545484710000e+000) (9, 1.40333513203686480000e+000) (10, 8.71798501505410490000e-001) (11, 1.10202660339816960000e+000) (12, 3.00326799148232790000e-001) (9, 9.17771577660298270000e-001) (10, 5.61539471096051620000e-001) (11, 7.63952926855790640000e-001) (12, 6.05918041936262860000e-001) 
