FANN_FLO_2.1
num_layers=3
learning_rate=0.700000
connection_rate=1.000000
network_type=0
learning_momentum=0.000000
training_algorithm=2
train_error_function=1
train_stop_function=0
cascade_output_change_fraction=0.010000
quickprop_decay=-0.000100
quickprop_mu=1.750000
rprop_increase_factor=1.200000
rprop_decrease_factor=0.500000
rprop_delta_min=0.000000
rprop_delta_max=50.000000
rprop_delta_zero=0.100000
cascade_output_stagnation_epochs=12
cascade_candidate_change_fraction=0.010000
cascade_candidate_stagnation_epochs=12
cascade_max_out_epochs=150
cascade_max_cand_epochs=150
cascade_num_candidate_groups=2
bit_fail_limit=3.49999999999999980000e-001
cascade_candidate_limit=1.00000000000000000000e+003
cascade_weight_multiplier=4.00000000000000020000e-001
cascade_activation_functions_count=10
cascade_activation_functions=3 5 7 8 10 11 14 15 16 17 
cascade_activation_steepnesses_count=4
cascade_activation_steepnesses=2.50000000000000000000e-001 5.00000000000000000000e-001 7.50000000000000000000e-001 1.00000000000000000000e+000 
layer_sizes=9 4 6 
scale_included=0
neurons (num_inputs, activation_function, activation_steepness)=(0, 0, 0.00000000000000000000e+000) (0, 0, 0.00000000000000000000e+000) (0, 0, 0.00000000000000000000e+000) (0, 0, 0.00000000000000000000e+000) (0, 0, 0.00000000000000000000e+000) (0, 0, 0.00000000000000000000e+000) (0, 0, 0.00000000000000000000e+000) (0, 0, 0.00000000000000000000e+000) (0, 0, 0.00000000000000000000e+000) (9, 6, 5.00000000000000000000e-001) (9, 6, 5.00000000000000000000e-001) (9, 6, 5.00000000000000000000e-001) (0, 6, 0.00000000000000000000e+000) (4, 6, 5.00000000000000000000e-001) (4, 6, 5.00000000000000000000e-001) (4, 6, 5.00000000000000000000e-001) (4, 6, 5.00000000000000000000e-001) (4, 6, 5.00000000000000000000e-001) (0, 6, 0.00000000000000000000e+000) 
connections (connected_to_neuron, weight)=(0, 6.55822980977951710000e+000) (1, -4.43667845952565720000e+000) (2, 4.28248497827209280000e+000) (3, -1.00033181761919380000e+001) (4, 1.23118666385023160000e+001) (5, -3.84401991897673230000e+000) (6, -5.89991403425502890000e+000) (7, -1.40540674399189540000e+001) (8, 6.96595041643879980000e-001) (0, -5.42952076299522800000e-001) (1, 1.00220709544374610000e+000) (2, -5.43161854969042350000e-001) (3, -3.12838137754219910000e-002) (4, -1.32409874902440940000e+000) (5, 1.91786043779156180000e+000) (6, -1.28156729146058490000e+000) (7, 1.33524649893433560000e+000) (8, 2.46408976644934440000e-001) (0, 1.55194364699953400000e+000) (1, -2.67943922363571170000e-001) (2, 1.18205866141422610000e+000) (3, -4.78528167048105240000e+000) (4, 2.65683077413316140000e+000) (5, 2.25391305881789750000e+000) (6, -3.33591399402846230000e+000) (7, -3.87540243769212500000e+000) (8, 8.84779258549743600000e-001) (9, -1.54971220137861880000e-001) (10, -6.90851317285365310000e-001) (11, -1.45356836106011380000e-001) (12, 7.53750185406759200000e-001) (9, -5.68015798207294420000e-001) (10, 6.00904964665034180000e-001) (11, 1.53569595296820880000e+000) (12, 3.35441532213514030000e-001) (9, 2.62648183761963080000e-001) (10, 1.82271191500401410000e+000) (11, -5.98604138427963120000e-001) (12, 9.45532815259693350000e-001) (9, -2.87478904429234960000e-001) (10, -1.28955585284627780000e+000) (11, 8.49665128409116570000e-001) (12, 9.13083199283964530000e-001) (9, 9.32081760728595170000e-001) (10, 1.73824446553357580000e+000) (11, -1.75996825571625950000e+000) (12, 1.30088346901481500000e+000) 
