FANN_FLO_2.1
num_layers=3
learning_rate=0.700000
connection_rate=1.000000
network_type=0
learning_momentum=0.000000
training_algorithm=2
train_error_function=1
train_stop_function=0
cascade_output_change_fraction=0.010000
quickprop_decay=-0.000100
quickprop_mu=1.750000
rprop_increase_factor=1.200000
rprop_decrease_factor=0.500000
rprop_delta_min=0.000000
rprop_delta_max=50.000000
rprop_delta_zero=0.100000
cascade_output_stagnation_epochs=12
cascade_candidate_change_fraction=0.010000
cascade_candidate_stagnation_epochs=12
cascade_max_out_epochs=150
cascade_max_cand_epochs=150
cascade_num_candidate_groups=2
bit_fail_limit=3.49999999999999980000e-001
cascade_candidate_limit=1.00000000000000000000e+003
cascade_weight_multiplier=4.00000000000000020000e-001
cascade_activation_functions_count=10
cascade_activation_functions=3 5 7 8 10 11 14 15 16 17 
cascade_activation_steepnesses_count=4
cascade_activation_steepnesses=2.50000000000000000000e-001 5.00000000000000000000e-001 7.50000000000000000000e-001 1.00000000000000000000e+000 
layer_sizes=9 4 6 
scale_included=0
neurons (num_inputs, activation_function, activation_steepness)=(0, 0, 0.00000000000000000000e+000) (0, 0, 0.00000000000000000000e+000) (0, 0, 0.00000000000000000000e+000) (0, 0, 0.00000000000000000000e+000) (0, 0, 0.00000000000000000000e+000) (0, 0, 0.00000000000000000000e+000) (0, 0, 0.00000000000000000000e+000) (0, 0, 0.00000000000000000000e+000) (0, 0, 0.00000000000000000000e+000) (9, 6, 5.00000000000000000000e-001) (9, 6, 5.00000000000000000000e-001) (9, 6, 5.00000000000000000000e-001) (0, 6, 0.00000000000000000000e+000) (4, 6, 5.00000000000000000000e-001) (4, 6, 5.00000000000000000000e-001) (4, 6, 5.00000000000000000000e-001) (4, 6, 5.00000000000000000000e-001) (4, 6, 5.00000000000000000000e-001) (0, 6, 0.00000000000000000000e+000) 
connections (connected_to_neuron, weight)=(0, -3.75674856377768270000e+000) (1, 1.98301847467164170000e+000) (2, -1.68801112817318530000e+000) (3, 9.89949122173095390000e-001) (4, -9.28105242751709090000e+000) (5, 1.22794758947383580000e+001) (6, -1.25679434725750920000e+000) (7, 1.39389031246080400000e+000) (8, 7.34823242407910300000e-001) (0, -4.97107903766237150000e+000) (1, 2.29133733421577060000e+000) (2, -3.22586137756047320000e+000) (3, 1.16951549505330530000e+000) (4, -1.39432198913128340000e+001) (5, 2.21640242700474270000e+001) (6, -4.62430763892548220000e+000) (7, 3.15031331121328020000e+000) (8, 1.29598491999620210000e+000) (0, 1.90961422303708380000e+000) (1, -8.18423401153076990000e-001) (2, 8.95004444900613370000e-001) (3, -8.56965088840328850000e-001) (4, 4.30543811514454950000e+000) (5, -5.08354655697822540000e+000) (6, 5.53475923037801690000e-001) (7, -1.29103749627209980000e+000) (8, -4.21030747971366410000e-001) (9, 1.01483792894775960000e+000) (10, -1.16558338864757750000e+000) (11, -9.34518926451995970000e-001) (12, 6.98613125244454850000e-001) (9, 1.70356960569061020000e+000) (10, 2.02935518061619140000e-001) (11, 3.27106403116277010000e+000) (12, 7.90009924781634790000e-001) (9, -7.30372137584479610000e-002) (10, 1.56365198159189730000e-002) (11, -5.42057374431155200000e-001) (12, 9.07695018001052010000e-001) (9, 1.94215611884881730000e-001) (10, 1.06524936806379760000e+000) (11, 3.11685993425845260000e+000) (12, 9.68015062800029250000e-001) (9, -3.31089807597094500000e+000) (10, 1.46578860627334140000e+000) (11, -2.65076920339052970000e+000) (12, 8.69092503665717110000e-001) 
