FANN_FLO_2.1
num_layers=3
learning_rate=0.700000
connection_rate=1.000000
network_type=0
learning_momentum=0.000000
training_algorithm=2
train_error_function=1
train_stop_function=0
cascade_output_change_fraction=0.010000
quickprop_decay=-0.000100
quickprop_mu=1.750000
rprop_increase_factor=1.200000
rprop_decrease_factor=0.500000
rprop_delta_min=0.000000
rprop_delta_max=50.000000
rprop_delta_zero=0.100000
cascade_output_stagnation_epochs=12
cascade_candidate_change_fraction=0.010000
cascade_candidate_stagnation_epochs=12
cascade_max_out_epochs=150
cascade_max_cand_epochs=150
cascade_num_candidate_groups=2
bit_fail_limit=3.49999999999999980000e-001
cascade_candidate_limit=1.00000000000000000000e+003
cascade_weight_multiplier=4.00000000000000020000e-001
cascade_activation_functions_count=10
cascade_activation_functions=3 5 7 8 10 11 14 15 16 17 
cascade_activation_steepnesses_count=4
cascade_activation_steepnesses=2.50000000000000000000e-001 5.00000000000000000000e-001 7.50000000000000000000e-001 1.00000000000000000000e+000 
layer_sizes=9 4 6 
scale_included=0
neurons (num_inputs, activation_function, activation_steepness)=(0, 0, 0.00000000000000000000e+000) (0, 0, 0.00000000000000000000e+000) (0, 0, 0.00000000000000000000e+000) (0, 0, 0.00000000000000000000e+000) (0, 0, 0.00000000000000000000e+000) (0, 0, 0.00000000000000000000e+000) (0, 0, 0.00000000000000000000e+000) (0, 0, 0.00000000000000000000e+000) (0, 0, 0.00000000000000000000e+000) (9, 6, 5.00000000000000000000e-001) (9, 6, 5.00000000000000000000e-001) (9, 6, 5.00000000000000000000e-001) (0, 6, 0.00000000000000000000e+000) (4, 6, 5.00000000000000000000e-001) (4, 6, 5.00000000000000000000e-001) (4, 6, 5.00000000000000000000e-001) (4, 6, 5.00000000000000000000e-001) (4, 6, 5.00000000000000000000e-001) (0, 6, 0.00000000000000000000e+000) 
connections (connected_to_neuron, weight)=(0, 1.50000000000000000000e+003) (1, 1.50000000000000000000e+003) (2, 1.50000000000000000000e+003) (3, 9.39937860926684270000e+002) (4, -1.49603875289648950000e+003) (5, 7.84786849636506990000e+002) (6, 1.50000000000000000000e+003) (7, -1.50000000000000000000e+003) (8, 4.11115708207879610000e+001) (0, 6.96251173525317140000e+000) (1, -6.39648261645472790000e+000) (2, 4.06914025908219570000e-001) (3, 1.00448128551525380000e+001) (4, 1.19520912939656250000e+001) (5, -1.56422240502241810000e+001) (6, 4.16205840284517150000e+000) (7, -1.03218895796122640000e+001) (8, 2.73921751670277570000e+000) (0, 5.74411127683996600000e+002) (1, -1.09115670958789250000e+003) (2, -1.10377853741941570000e+003) (3, -1.50000000000000000000e+003) (4, 1.50000000000000000000e+003) (5, -7.21475218190440960000e+002) (6, 4.52745941565749550000e+002) (7, -1.50000000000000000000e+003) (8, -3.02377516690649430000e+002) (9, -7.79585363249880180000e-002) (10, -3.42314521071656440000e-001) (11, -7.24576930554669400000e-002) (12, 8.81959028087009540000e-001) (9, 5.41196709191530070000e-001) (10, -1.13950291455217710000e+000) (11, 2.81063909588893210000e-001) (12, 1.57616661647853440000e+000) (9, 1.70165940906286060000e-001) (10, -5.98679692025620320000e-001) (11, -3.94150489309468440000e-001) (12, 9.44672744360648300000e-001) (9, -9.26554196361336490000e-002) (10, 6.13971859333256710000e-001) (11, 4.25014520778992040000e-001) (12, 1.00010154746931690000e+000) (9, -1.18582075307883410000e+000) (10, 8.82966457833293190000e-001) (11, -1.77175723650747990000e-001) (12, 1.30169014615776610000e+000) 
