FANN_FLO_2.1
num_layers=3
learning_rate=0.700000
connection_rate=1.000000
network_type=0
learning_momentum=0.000000
training_algorithm=2
train_error_function=1
train_stop_function=0
cascade_output_change_fraction=0.010000
quickprop_decay=-0.000100
quickprop_mu=1.750000
rprop_increase_factor=1.200000
rprop_decrease_factor=0.500000
rprop_delta_min=0.000000
rprop_delta_max=50.000000
rprop_delta_zero=0.100000
cascade_output_stagnation_epochs=12
cascade_candidate_change_fraction=0.010000
cascade_candidate_stagnation_epochs=12
cascade_max_out_epochs=150
cascade_max_cand_epochs=150
cascade_num_candidate_groups=2
bit_fail_limit=3.49999999999999980000e-001
cascade_candidate_limit=1.00000000000000000000e+003
cascade_weight_multiplier=4.00000000000000020000e-001
cascade_activation_functions_count=10
cascade_activation_functions=3 5 7 8 10 11 14 15 16 17 
cascade_activation_steepnesses_count=4
cascade_activation_steepnesses=2.50000000000000000000e-001 5.00000000000000000000e-001 7.50000000000000000000e-001 1.00000000000000000000e+000 
layer_sizes=9 4 6 
scale_included=0
neurons (num_inputs, activation_function, activation_steepness)=(0, 0, 0.00000000000000000000e+000) (0, 0, 0.00000000000000000000e+000) (0, 0, 0.00000000000000000000e+000) (0, 0, 0.00000000000000000000e+000) (0, 0, 0.00000000000000000000e+000) (0, 0, 0.00000000000000000000e+000) (0, 0, 0.00000000000000000000e+000) (0, 0, 0.00000000000000000000e+000) (0, 0, 0.00000000000000000000e+000) (9, 6, 5.00000000000000000000e-001) (9, 6, 5.00000000000000000000e-001) (9, 6, 5.00000000000000000000e-001) (0, 6, 0.00000000000000000000e+000) (4, 6, 5.00000000000000000000e-001) (4, 6, 5.00000000000000000000e-001) (4, 6, 5.00000000000000000000e-001) (4, 6, 5.00000000000000000000e-001) (4, 6, 5.00000000000000000000e-001) (0, 6, 0.00000000000000000000e+000) 
connections (connected_to_neuron, weight)=(0, -5.19746200462869100000e+000) (1, 1.70592804347992710000e+000) (2, -9.87170322021955650000e-001) (3, 8.25276750977665690000e+000) (4, 6.31186875045260170000e-001) (5, -4.05778832298441380000e+000) (6, 1.93831054632377300000e+001) (7, -7.70081441122690840000e-001) (8, -1.25593805310432760000e+000) (0, -5.39281378084638610000e-001) (1, 6.22222607020777920000e-001) (2, -2.68789178289729150000e-001) (3, 5.04927775507356010000e-001) (4, -7.54559545504237980000e-001) (5, 6.80099193215471190000e-001) (6, 5.03433335729622570000e-001) (7, 7.06154247308865330000e-001) (8, -2.17134065097462390000e-001) (0, -3.70909145742325300000e+000) (1, 1.20797004206192470000e+001) (2, -2.58398718658453360000e+000) (3, -8.83781603137400750000e+000) (4, -2.51953302334311890000e+001) (5, 3.37566764479039280000e+001) (6, -2.82535083163904050000e+001) (7, 1.34698184289815450000e+001) (8, 7.54003705361292910000e-001) (9, 3.06701419891686760000e-001) (10, -9.91065167519686430000e-001) (11, 5.82563409798936840000e-002) (12, 6.09818581291998170000e-001) (9, 2.69717308962927280000e-001) (10, -2.08294554760407500000e+000) (11, 2.77611121531177400000e-001) (12, 7.02613600576613260000e-001) (9, -2.96736526429049960000e-001) (10, 3.20994209994841340000e+000) (11, -4.50408673546037470000e-002) (12, 1.16380632251616940000e+000) (9, 3.73100960955376260000e-001) (10, -4.02708253475201610000e+000) (11, 1.57909878726348980000e-001) (12, 7.79616264159106230000e-001) (9, -1.04185911429106250000e+000) (10, 7.11058696583187900000e+000) (11, -5.01904188273272880000e-001) (12, 1.37665991135218930000e+000) 
