FANN_FLO_2.1
num_layers=3
learning_rate=0.700000
connection_rate=1.000000
network_type=0
learning_momentum=0.000000
training_algorithm=2
train_error_function=1
train_stop_function=0
cascade_output_change_fraction=0.010000
quickprop_decay=-0.000100
quickprop_mu=1.750000
rprop_increase_factor=1.200000
rprop_decrease_factor=0.500000
rprop_delta_min=0.000000
rprop_delta_max=50.000000
rprop_delta_zero=0.100000
cascade_output_stagnation_epochs=12
cascade_candidate_change_fraction=0.010000
cascade_candidate_stagnation_epochs=12
cascade_max_out_epochs=150
cascade_max_cand_epochs=150
cascade_num_candidate_groups=2
bit_fail_limit=3.49999999999999980000e-001
cascade_candidate_limit=1.00000000000000000000e+003
cascade_weight_multiplier=4.00000000000000020000e-001
cascade_activation_functions_count=10
cascade_activation_functions=3 5 7 8 10 11 14 15 16 17 
cascade_activation_steepnesses_count=4
cascade_activation_steepnesses=2.50000000000000000000e-001 5.00000000000000000000e-001 7.50000000000000000000e-001 1.00000000000000000000e+000 
layer_sizes=9 4 6 
scale_included=0
neurons (num_inputs, activation_function, activation_steepness)=(0, 0, 0.00000000000000000000e+000) (0, 0, 0.00000000000000000000e+000) (0, 0, 0.00000000000000000000e+000) (0, 0, 0.00000000000000000000e+000) (0, 0, 0.00000000000000000000e+000) (0, 0, 0.00000000000000000000e+000) (0, 0, 0.00000000000000000000e+000) (0, 0, 0.00000000000000000000e+000) (0, 0, 0.00000000000000000000e+000) (9, 6, 5.00000000000000000000e-001) (9, 6, 5.00000000000000000000e-001) (9, 6, 5.00000000000000000000e-001) (0, 6, 0.00000000000000000000e+000) (4, 6, 5.00000000000000000000e-001) (4, 6, 5.00000000000000000000e-001) (4, 6, 5.00000000000000000000e-001) (4, 6, 5.00000000000000000000e-001) (4, 6, 5.00000000000000000000e-001) (0, 6, 0.00000000000000000000e+000) 
connections (connected_to_neuron, weight)=(0, -1.50000000000000000000e+003) (1, -1.50000000000000000000e+003) (2, -1.50000000000000000000e+003) (3, -1.50000000000000000000e+003) (4, -1.50000000000000000000e+003) (5, -1.50000000000000000000e+003) (6, -1.50000000000000000000e+003) (7, -1.50000000000000000000e+003) (8, -7.42750101315254480000e+001) (0, 4.79788729420364270000e-001) (1, -8.01525910215809100000e-001) (2, 1.21086830525216980000e+000) (3, 4.76355796207987490000e+000) (4, -3.05387447098672960000e+000) (5, -3.66389325082233790000e+000) (6, 1.33922320229453120000e+000) (7, -2.67923513336202230000e-001) (8, -2.61900970823732200000e-001) (0, 5.14367018192560280000e+000) (1, -8.44279751706933720000e+000) (2, 1.27536019886924130000e+001) (3, 3.30817823306317680000e+001) (4, -2.45646244599831580000e+001) (5, -3.71108117900509310000e+001) (6, 1.04323687176242040000e+001) (7, -5.61907008297597520000e+000) (8, -1.74255965546674840000e+000) (9, 6.54596350078397890000e-001) (10, 1.52092941584771710000e-001) (11, -3.94079250938760280000e-002) (12, 1.21924722024995960000e+000) (9, 3.65182340251945010000e-001) (10, -9.26280038717128000000e-002) (11, -1.47573629817265070000e-001) (12, 1.09232711362602510000e+000) (9, 2.85389893260808770000e-001) (10, 2.41852687570367620000e+000) (11, -5.30688222634479350000e-001) (12, 1.20365897681704740000e+000) (9, 3.95352886308345090000e-001) (10, -2.50012944667516960000e+000) (11, 6.24566957067343330000e-001) (12, 1.53437557742027810000e+000) (9, 2.27494294278809910000e-001) (10, 1.69802103254376470000e-001) (11, -4.20468270204400890000e-002) (12, 1.29488560501899900000e+000) 
