FANN_FLO_2.1
num_layers=3
learning_rate=0.700000
connection_rate=1.000000
network_type=0
learning_momentum=0.000000
training_algorithm=2
train_error_function=1
train_stop_function=0
cascade_output_change_fraction=0.010000
quickprop_decay=-0.000100
quickprop_mu=1.750000
rprop_increase_factor=1.200000
rprop_decrease_factor=0.500000
rprop_delta_min=0.000000
rprop_delta_max=50.000000
rprop_delta_zero=0.100000
cascade_output_stagnation_epochs=12
cascade_candidate_change_fraction=0.010000
cascade_candidate_stagnation_epochs=12
cascade_max_out_epochs=150
cascade_max_cand_epochs=150
cascade_num_candidate_groups=2
bit_fail_limit=3.49999999999999980000e-001
cascade_candidate_limit=1.00000000000000000000e+003
cascade_weight_multiplier=4.00000000000000020000e-001
cascade_activation_functions_count=10
cascade_activation_functions=3 5 7 8 10 11 14 15 16 17 
cascade_activation_steepnesses_count=4
cascade_activation_steepnesses=2.50000000000000000000e-001 5.00000000000000000000e-001 7.50000000000000000000e-001 1.00000000000000000000e+000 
layer_sizes=9 4 6 
scale_included=0
neurons (num_inputs, activation_function, activation_steepness)=(0, 0, 0.00000000000000000000e+000) (0, 0, 0.00000000000000000000e+000) (0, 0, 0.00000000000000000000e+000) (0, 0, 0.00000000000000000000e+000) (0, 0, 0.00000000000000000000e+000) (0, 0, 0.00000000000000000000e+000) (0, 0, 0.00000000000000000000e+000) (0, 0, 0.00000000000000000000e+000) (0, 0, 0.00000000000000000000e+000) (9, 6, 5.00000000000000000000e-001) (9, 6, 5.00000000000000000000e-001) (9, 6, 5.00000000000000000000e-001) (0, 6, 0.00000000000000000000e+000) (4, 6, 5.00000000000000000000e-001) (4, 6, 5.00000000000000000000e-001) (4, 6, 5.00000000000000000000e-001) (4, 6, 5.00000000000000000000e-001) (4, 6, 5.00000000000000000000e-001) (0, 6, 0.00000000000000000000e+000) 
connections (connected_to_neuron, weight)=(0, 2.88525223791173290000e+000) (1, -1.33848110941327960000e+000) (2, 6.79628035050708350000e-001) (3, -1.39091807483005650000e+000) (4, 6.77955625783230700000e+000) (5, -8.52240000501763180000e+000) (6, 5.37495231790670160000e-001) (7, -8.52314217388209450000e-001) (8, -4.46008222027164600000e-002) (0, -8.16071814367560930000e+000) (1, 3.04932850976415490000e+000) (2, -6.94738489762470660000e+000) (3, 1.49850615871055150000e+000) (4, -2.60241743239656920000e+001) (5, 5.81751660282332070000e+001) (6, -2.00980779145350400000e+001) (7, 7.55822293108416690000e+000) (8, 2.42325097030750850000e+000) (0, -1.79933871169720020000e+000) (1, 6.80603327029817960000e-001) (2, -6.10335392079401570000e-001) (3, 1.02387078535830600000e+000) (4, -4.01799975828620590000e+000) (5, 5.19650779095419500000e+000) (6, -7.54989109262552250000e-001) (7, 1.12154395158960220000e+000) (8, 1.93487079026662980000e-001) (9, -1.80252130152461360000e-001) (10, -3.94663110519189510000e-001) (11, 1.12713811405235950000e+000) (12, 7.90164807938203870000e-001) (9, -1.58968893285504560000e+000) (10, 3.84738674633349430000e-001) (11, -3.13303050573442960000e+000) (12, 7.78112651511166260000e-001) (9, 1.08264294251492270000e-001) (10, 1.54170900680639920000e-002) (11, 5.90278473161765960000e-001) (12, 9.30979396786090540000e-001) (9, -1.78911249613583050000e+000) (10, 2.92068941611891060000e-001) (11, -3.86982416512052030000e+000) (12, 1.09164764264758850000e+000) (9, 3.23359138254689250000e+000) (10, 1.29047498579290630000e-001) (11, 4.08002209344491180000e+000) (12, 6.72554853583175460000e-001) 
