FANN_FLO_2.1
num_layers=3
learning_rate=0.700000
connection_rate=1.000000
network_type=0
learning_momentum=0.000000
training_algorithm=2
train_error_function=1
train_stop_function=0
cascade_output_change_fraction=0.010000
quickprop_decay=-0.000100
quickprop_mu=1.750000
rprop_increase_factor=1.200000
rprop_decrease_factor=0.500000
rprop_delta_min=0.000000
rprop_delta_max=50.000000
rprop_delta_zero=0.100000
cascade_output_stagnation_epochs=12
cascade_candidate_change_fraction=0.010000
cascade_candidate_stagnation_epochs=12
cascade_max_out_epochs=150
cascade_max_cand_epochs=150
cascade_num_candidate_groups=2
bit_fail_limit=3.49999999999999980000e-001
cascade_candidate_limit=1.00000000000000000000e+003
cascade_weight_multiplier=4.00000000000000020000e-001
cascade_activation_functions_count=10
cascade_activation_functions=3 5 7 8 10 11 14 15 16 17 
cascade_activation_steepnesses_count=4
cascade_activation_steepnesses=2.50000000000000000000e-001 5.00000000000000000000e-001 7.50000000000000000000e-001 1.00000000000000000000e+000 
layer_sizes=9 4 6 
scale_included=0
neurons (num_inputs, activation_function, activation_steepness)=(0, 0, 0.00000000000000000000e+000) (0, 0, 0.00000000000000000000e+000) (0, 0, 0.00000000000000000000e+000) (0, 0, 0.00000000000000000000e+000) (0, 0, 0.00000000000000000000e+000) (0, 0, 0.00000000000000000000e+000) (0, 0, 0.00000000000000000000e+000) (0, 0, 0.00000000000000000000e+000) (0, 0, 0.00000000000000000000e+000) (9, 6, 5.00000000000000000000e-001) (9, 6, 5.00000000000000000000e-001) (9, 6, 5.00000000000000000000e-001) (0, 6, 0.00000000000000000000e+000) (4, 6, 5.00000000000000000000e-001) (4, 6, 5.00000000000000000000e-001) (4, 6, 5.00000000000000000000e-001) (4, 6, 5.00000000000000000000e-001) (4, 6, 5.00000000000000000000e-001) (0, 6, 0.00000000000000000000e+000) 
connections (connected_to_neuron, weight)=(0, -5.15582206762775220000e-001) (1, 1.19962880117764440000e+000) (2, -6.58378904804256650000e-001) (3, -3.45560556017203590000e-001) (4, -1.30852507967003920000e+000) (5, 2.73036271829843980000e+000) (6, -2.10412625562298050000e+000) (7, 1.17610484434979750000e+000) (8, 5.11743941397953870000e-001) (0, -4.44053593038727660000e-001) (1, 4.17414647516966110000e-001) (2, -1.95489234420343380000e-001) (3, 1.03620355810766830000e+000) (4, -1.03002386286504510000e+000) (5, 3.06202469165192730000e-001) (6, 2.67815988720935480000e-001) (7, 3.91663387784859980000e-001) (8, 1.71210123419573230000e-001) (0, 6.89600993997539020000e+000) (1, -7.33389181629227590000e+000) (2, 1.32389343626127420000e+000) (3, -6.72700111109991730000e+000) (4, 1.49616480104683840000e+001) (5, -1.29579562479235490000e+001) (6, -3.52019389487850990000e+000) (7, 6.75243631815445670000e-001) (8, 4.99575168318894370000e-001) (9, -1.08218425701297320000e+000) (10, 6.87713545173286870000e-001) (11, -1.67407930342189180000e-001) (12, 8.06405796070023380000e-001) (9, 1.45647453419982150000e+000) (10, -3.43958634307408720000e+000) (11, -3.34209515927549330000e-001) (12, 8.52609150123429190000e-001) (9, 4.99950700299521210000e-001) (10, 1.97562558819058780000e+000) (11, 5.97599604213949480000e-002) (12, 7.04036575761926020000e-001) (9, -3.50399124886832670000e-001) (10, -2.28992472051908220000e+000) (11, -1.36619900129907430000e-001) (12, 1.31414526535408170000e+000) (9, 8.68055496507586730000e-001) (10, 3.05832589894806130000e+000) (11, 5.77315784306279170000e-001) (12, 5.01612021090936830000e-001) 
