FANN_FLO_2.1
num_layers=3
learning_rate=0.700000
connection_rate=1.000000
network_type=0
learning_momentum=0.000000
training_algorithm=2
train_error_function=1
train_stop_function=0
cascade_output_change_fraction=0.010000
quickprop_decay=-0.000100
quickprop_mu=1.750000
rprop_increase_factor=1.200000
rprop_decrease_factor=0.500000
rprop_delta_min=0.000000
rprop_delta_max=50.000000
rprop_delta_zero=0.100000
cascade_output_stagnation_epochs=12
cascade_candidate_change_fraction=0.010000
cascade_candidate_stagnation_epochs=12
cascade_max_out_epochs=150
cascade_max_cand_epochs=150
cascade_num_candidate_groups=2
bit_fail_limit=3.49999999999999980000e-001
cascade_candidate_limit=1.00000000000000000000e+003
cascade_weight_multiplier=4.00000000000000020000e-001
cascade_activation_functions_count=10
cascade_activation_functions=3 5 7 8 10 11 14 15 16 17 
cascade_activation_steepnesses_count=4
cascade_activation_steepnesses=2.50000000000000000000e-001 5.00000000000000000000e-001 7.50000000000000000000e-001 1.00000000000000000000e+000 
layer_sizes=9 4 6 
scale_included=0
neurons (num_inputs, activation_function, activation_steepness)=(0, 0, 0.00000000000000000000e+000) (0, 0, 0.00000000000000000000e+000) (0, 0, 0.00000000000000000000e+000) (0, 0, 0.00000000000000000000e+000) (0, 0, 0.00000000000000000000e+000) (0, 0, 0.00000000000000000000e+000) (0, 0, 0.00000000000000000000e+000) (0, 0, 0.00000000000000000000e+000) (0, 0, 0.00000000000000000000e+000) (9, 6, 5.00000000000000000000e-001) (9, 6, 5.00000000000000000000e-001) (9, 6, 5.00000000000000000000e-001) (0, 6, 0.00000000000000000000e+000) (4, 6, 5.00000000000000000000e-001) (4, 6, 5.00000000000000000000e-001) (4, 6, 5.00000000000000000000e-001) (4, 6, 5.00000000000000000000e-001) (4, 6, 5.00000000000000000000e-001) (0, 6, 0.00000000000000000000e+000) 
connections (connected_to_neuron, weight)=(0, -7.11344650334996500000e+000) (1, 8.09775064920592590000e+000) (2, -2.26487456961687040000e+000) (3, 3.78485923524607150000e+000) (4, -1.90697973043953690000e+001) (5, 1.98725864870743900000e+001) (6, -6.66512141051673450000e-001) (7, 2.57408312696588040000e+000) (8, -3.46062549061704750000e-002) (0, -3.83794974851559060000e-001) (1, 1.50081066950738280000e+000) (2, -1.18378142762778760000e+000) (3, -1.62559033354893550000e+000) (4, -1.49168956824481500000e+000) (5, 5.72397657412840210000e+000) (6, -4.43029811518774960000e+000) (7, 2.05121687166494260000e+000) (8, 1.07622377161097970000e+000) (0, -4.65380436229767600000e-001) (1, 2.96452275929269150000e-001) (2, -1.41670225450108740000e-001) (3, 1.08012570597784290000e+000) (4, -1.08975244221220760000e+000) (5, 3.73617666840324460000e-002) (6, 5.36324920759570610000e-001) (7, 5.40342716941832220000e-001) (8, -1.26094564856183510000e-001) (9, 1.26163607157351250000e-001) (10, -8.22328771976990950000e-001) (11, 2.98367030235848260000e-001) (12, 9.93984693738539700000e-001) (9, 3.10781045649098360000e-001) (10, 3.65562575197289020000e-001) (11, -2.22601191980484540000e+000) (12, 5.47379230458358460000e-001) (9, 2.45537379335839050000e-003) (10, 3.40856350566343560000e-001) (11, 1.64651562798564540000e+000) (12, 9.17566711510942930000e-001) (9, 1.32104471462494650000e-001) (10, -3.99195550139316900000e-001) (11, -2.32582781960338460000e+000) (12, 1.08839893591975120000e+000) (9, -4.62987917275445910000e-001) (10, 1.10875177787277090000e+000) (11, 2.68675522186507100000e+000) (12, 6.71681818647607120000e-001) 
