FANN_FLO_2.1
num_layers=3
learning_rate=0.700000
connection_rate=1.000000
network_type=0
learning_momentum=0.000000
training_algorithm=2
train_error_function=1
train_stop_function=0
cascade_output_change_fraction=0.010000
quickprop_decay=-0.000100
quickprop_mu=1.750000
rprop_increase_factor=1.200000
rprop_decrease_factor=0.500000
rprop_delta_min=0.000000
rprop_delta_max=50.000000
rprop_delta_zero=0.100000
cascade_output_stagnation_epochs=12
cascade_candidate_change_fraction=0.010000
cascade_candidate_stagnation_epochs=12
cascade_max_out_epochs=150
cascade_max_cand_epochs=150
cascade_num_candidate_groups=2
bit_fail_limit=3.49999999999999980000e-001
cascade_candidate_limit=1.00000000000000000000e+003
cascade_weight_multiplier=4.00000000000000020000e-001
cascade_activation_functions_count=10
cascade_activation_functions=3 5 7 8 10 11 14 15 16 17 
cascade_activation_steepnesses_count=4
cascade_activation_steepnesses=2.50000000000000000000e-001 5.00000000000000000000e-001 7.50000000000000000000e-001 1.00000000000000000000e+000 
layer_sizes=9 4 6 
scale_included=0
neurons (num_inputs, activation_function, activation_steepness)=(0, 0, 0.00000000000000000000e+000) (0, 0, 0.00000000000000000000e+000) (0, 0, 0.00000000000000000000e+000) (0, 0, 0.00000000000000000000e+000) (0, 0, 0.00000000000000000000e+000) (0, 0, 0.00000000000000000000e+000) (0, 0, 0.00000000000000000000e+000) (0, 0, 0.00000000000000000000e+000) (0, 0, 0.00000000000000000000e+000) (9, 6, 5.00000000000000000000e-001) (9, 6, 5.00000000000000000000e-001) (9, 6, 5.00000000000000000000e-001) (0, 6, 0.00000000000000000000e+000) (4, 6, 5.00000000000000000000e-001) (4, 6, 5.00000000000000000000e-001) (4, 6, 5.00000000000000000000e-001) (4, 6, 5.00000000000000000000e-001) (4, 6, 5.00000000000000000000e-001) (0, 6, 0.00000000000000000000e+000) 
connections (connected_to_neuron, weight)=(0, -3.14019292787310440000e+000) (1, 6.48432642087966360000e-001) (2, -2.16659612099927350000e+000) (3, 7.16336551193564540000e-001) (4, -7.48696443143187460000e+000) (5, 1.55105480911815190000e+001) (6, -3.82761505879772870000e+000) (7, 3.23869580089698370000e+000) (8, 1.26468068486356630000e+000) (0, 2.18740470587815450000e+000) (1, -6.32931719895258980000e-001) (2, 8.19987967055767710000e-001) (3, -1.01352557299054570000e+000) (4, 4.56884061843351310000e+000) (5, -6.89679116115788650000e+000) (6, 8.60279119980592590000e-002) (7, -7.49018365575870430000e-001) (8, -7.07486834569663210000e-001) (0, 5.51406047006443070000e+000) (1, -1.67702434636070640000e+000) (2, 3.82513127817815150000e+000) (3, -1.09208814092300120000e+000) (4, 1.48529831405792350000e+001) (5, -3.12071142316569730000e+001) (6, 6.69262849322340440000e+000) (7, -3.08317310183506570000e+000) (8, -1.49628974089239700000e+000) (9, -2.35979669180389930000e-001) (10, -1.77183691117842220000e+000) (11, 6.33262594860784290000e-001) (12, 5.06907948221148150000e-001) (9, -1.58660891228064020000e+000) (10, 6.22509441093799130000e-001) (11, -1.45367368002709800000e+000) (12, 1.03165339940132840000e+000) (9, -6.63032409628994350000e-001) (10, -4.40234367177945620000e-001) (11, -3.97808854050809510000e-001) (12, 9.69821826683523570000e-001) (9, -1.87520748799238880000e+000) (10, 9.02011815175576710000e-001) (11, -1.47536733338413930000e+000) (12, 1.44559435079504190000e+000) (9, 3.07627741841582040000e+000) (10, 1.76169240236711630000e+000) (11, 1.17133962651105850000e+000) (12, 6.81602812477610450000e-001) 
