FANN_FLO_2.1
num_layers=3
learning_rate=0.700000
connection_rate=1.000000
network_type=0
learning_momentum=0.000000
training_algorithm=2
train_error_function=1
train_stop_function=0
cascade_output_change_fraction=0.010000
quickprop_decay=-0.000100
quickprop_mu=1.750000
rprop_increase_factor=1.200000
rprop_decrease_factor=0.500000
rprop_delta_min=0.000000
rprop_delta_max=50.000000
rprop_delta_zero=0.100000
cascade_output_stagnation_epochs=12
cascade_candidate_change_fraction=0.010000
cascade_candidate_stagnation_epochs=12
cascade_max_out_epochs=150
cascade_max_cand_epochs=150
cascade_num_candidate_groups=2
bit_fail_limit=3.49999999999999980000e-001
cascade_candidate_limit=1.00000000000000000000e+003
cascade_weight_multiplier=4.00000000000000020000e-001
cascade_activation_functions_count=10
cascade_activation_functions=3 5 7 8 10 11 14 15 16 17 
cascade_activation_steepnesses_count=4
cascade_activation_steepnesses=2.50000000000000000000e-001 5.00000000000000000000e-001 7.50000000000000000000e-001 1.00000000000000000000e+000 
layer_sizes=9 4 6 
scale_included=0
neurons (num_inputs, activation_function, activation_steepness)=(0, 0, 0.00000000000000000000e+000) (0, 0, 0.00000000000000000000e+000) (0, 0, 0.00000000000000000000e+000) (0, 0, 0.00000000000000000000e+000) (0, 0, 0.00000000000000000000e+000) (0, 0, 0.00000000000000000000e+000) (0, 0, 0.00000000000000000000e+000) (0, 0, 0.00000000000000000000e+000) (0, 0, 0.00000000000000000000e+000) (9, 6, 5.00000000000000000000e-001) (9, 6, 5.00000000000000000000e-001) (9, 6, 5.00000000000000000000e-001) (0, 6, 0.00000000000000000000e+000) (4, 6, 5.00000000000000000000e-001) (4, 6, 5.00000000000000000000e-001) (4, 6, 5.00000000000000000000e-001) (4, 6, 5.00000000000000000000e-001) (4, 6, 5.00000000000000000000e-001) (0, 6, 0.00000000000000000000e+000) 
connections (connected_to_neuron, weight)=(0, 1.02580260927298230000e+001) (1, -9.53241300575883170000e+000) (2, -1.10135212199050590000e+001) (3, 1.21294802342178480000e+001) (4, 6.51850625716286340000e+001) (5, -1.13245642491753070000e+002) (6, -1.60244132323911680000e+000) (7, 4.95620747419393060000e+001) (8, 4.28210776745852120000e-001) (0, 7.02740818306294470000e+000) (1, -5.06384861487600890000e+000) (2, 3.94939349281114450000e+000) (3, 1.15705432879671920000e+000) (4, 2.75563883716114370000e+001) (5, -6.20850896844435170000e+001) (6, 1.73904673811302250000e+001) (7, -3.84431822111183810000e+000) (8, -3.87249069720560950000e-001) (0, -9.00282827960704580000e-001) (1, 5.46832824057769010000e-001) (2, -1.33940812494556090000e+000) (3, 1.12813849333587960000e+000) (4, -1.29936211102497890000e+000) (5, 2.43356078699790150000e+000) (6, -2.63779280263711510000e+000) (7, 3.43928508402897700000e+000) (8, 4.74889591179342040000e-001) (9, -2.55088425336842230000e-001) (10, 4.57514729917227750000e-001) (11, 1.55145257053861490000e+000) (12, 3.75703315624374030000e-001) (9, 1.83990881309998380000e-001) (10, -5.16870751721323570000e-001) (11, -1.31973173522508860000e+000) (12, 9.83132167145810750000e-001) (9, -1.60742546966755270000e-001) (10, 1.92011585141336930000e-001) (11, 1.11466980478814050000e+000) (12, 8.12671008159702610000e-001) (9, 4.85958469296961900000e-001) (10, -8.77789594739398990000e-001) (11, -3.25363915717535650000e+000) (12, 1.46564479838309290000e+000) (9, 2.54533364375210540000e-002) (10, 1.59848983100662370000e-001) (11, 9.31113792593433630000e-001) (12, 9.08540229796416130000e-001) 
