FANN_FLO_2.1
num_layers=3
learning_rate=0.700000
connection_rate=1.000000
network_type=0
learning_momentum=0.000000
training_algorithm=2
train_error_function=1
train_stop_function=0
cascade_output_change_fraction=0.010000
quickprop_decay=-0.000100
quickprop_mu=1.750000
rprop_increase_factor=1.200000
rprop_decrease_factor=0.500000
rprop_delta_min=0.000000
rprop_delta_max=50.000000
rprop_delta_zero=0.100000
cascade_output_stagnation_epochs=12
cascade_candidate_change_fraction=0.010000
cascade_candidate_stagnation_epochs=12
cascade_max_out_epochs=150
cascade_max_cand_epochs=150
cascade_num_candidate_groups=2
bit_fail_limit=3.49999999999999980000e-001
cascade_candidate_limit=1.00000000000000000000e+003
cascade_weight_multiplier=4.00000000000000020000e-001
cascade_activation_functions_count=10
cascade_activation_functions=3 5 7 8 10 11 14 15 16 17 
cascade_activation_steepnesses_count=4
cascade_activation_steepnesses=2.50000000000000000000e-001 5.00000000000000000000e-001 7.50000000000000000000e-001 1.00000000000000000000e+000 
layer_sizes=9 4 6 
scale_included=0
neurons (num_inputs, activation_function, activation_steepness)=(0, 0, 0.00000000000000000000e+000) (0, 0, 0.00000000000000000000e+000) (0, 0, 0.00000000000000000000e+000) (0, 0, 0.00000000000000000000e+000) (0, 0, 0.00000000000000000000e+000) (0, 0, 0.00000000000000000000e+000) (0, 0, 0.00000000000000000000e+000) (0, 0, 0.00000000000000000000e+000) (0, 0, 0.00000000000000000000e+000) (9, 6, 5.00000000000000000000e-001) (9, 6, 5.00000000000000000000e-001) (9, 6, 5.00000000000000000000e-001) (0, 6, 0.00000000000000000000e+000) (4, 6, 5.00000000000000000000e-001) (4, 6, 5.00000000000000000000e-001) (4, 6, 5.00000000000000000000e-001) (4, 6, 5.00000000000000000000e-001) (4, 6, 5.00000000000000000000e-001) (0, 6, 0.00000000000000000000e+000) 
connections (connected_to_neuron, weight)=(0, 4.91754283865511790000e+000) (1, 3.62063739874047300000e+000) (2, 8.93412503283331280000e+000) (3, -9.95974278128737640000e+000) (4, 7.12158467829570090000e+000) (5, -3.38862475311172630000e+001) (6, 3.49620622138436370000e+001) (7, -2.82378892628566900000e+001) (8, -5.71658298623545110000e-001) (0, -1.56472197076903450000e+000) (1, -1.43674477564537750000e+000) (2, -3.50055222620317960000e+000) (3, 4.32431114667208760000e+000) (4, -6.39967832454732770000e-001) (5, 4.85987625752241040000e+000) (6, -8.29119620576940620000e+000) (7, 1.12819192327767650000e+001) (8, 7.13523938395624110000e-001) (0, 1.00064738406596590000e+001) (1, -5.57185760493743310000e+000) (2, -1.00912109916754660000e+000) (3, -1.00319428476086260000e+000) (4, 3.49601422083789050000e+001) (5, -8.31943916721042880000e+001) (6, 4.91080730997359040000e+001) (7, 8.09134094397545470000e-001) (8, 1.16408295551366490000e-001) (9, 5.18785076576015030000e-001) (10, 1.00743666856473110000e+000) (11, -1.79197398994200450000e-001) (12, 3.99183705615482440000e-001) (9, -3.87638254784895390000e-001) (10, -7.55239508900995780000e-001) (11, -1.69101222934133310000e-002) (12, 9.82533252096481120000e-001) (9, 2.38669572238157300000e-001) (10, 5.05764125981019610000e-001) (11, -1.60015486354572220000e-001) (12, 8.96858534983320690000e-001) (9, -1.33208773993953610000e+000) (10, -2.64382888839207640000e+000) (11, 4.26210715915686160000e-001) (12, 1.50088779587030570000e+000) (9, -8.60270442444289410000e-001) (10, -1.16565649854125720000e+000) (11, 4.04041057200585530000e-001) (12, 1.20126003224422660000e+000) 
