FANN_FLO_2.1
num_layers=3
learning_rate=0.700000
connection_rate=1.000000
network_type=0
learning_momentum=0.000000
training_algorithm=2
train_error_function=1
train_stop_function=0
cascade_output_change_fraction=0.010000
quickprop_decay=-0.000100
quickprop_mu=1.750000
rprop_increase_factor=1.200000
rprop_decrease_factor=0.500000
rprop_delta_min=0.000000
rprop_delta_max=50.000000
rprop_delta_zero=0.100000
cascade_output_stagnation_epochs=12
cascade_candidate_change_fraction=0.010000
cascade_candidate_stagnation_epochs=12
cascade_max_out_epochs=150
cascade_max_cand_epochs=150
cascade_num_candidate_groups=2
bit_fail_limit=3.49999999999999980000e-001
cascade_candidate_limit=1.00000000000000000000e+003
cascade_weight_multiplier=4.00000000000000020000e-001
cascade_activation_functions_count=10
cascade_activation_functions=3 5 7 8 10 11 14 15 16 17 
cascade_activation_steepnesses_count=4
cascade_activation_steepnesses=2.50000000000000000000e-001 5.00000000000000000000e-001 7.50000000000000000000e-001 1.00000000000000000000e+000 
layer_sizes=9 4 6 
scale_included=0
neurons (num_inputs, activation_function, activation_steepness)=(0, 0, 0.00000000000000000000e+000) (0, 0, 0.00000000000000000000e+000) (0, 0, 0.00000000000000000000e+000) (0, 0, 0.00000000000000000000e+000) (0, 0, 0.00000000000000000000e+000) (0, 0, 0.00000000000000000000e+000) (0, 0, 0.00000000000000000000e+000) (0, 0, 0.00000000000000000000e+000) (0, 0, 0.00000000000000000000e+000) (9, 6, 5.00000000000000000000e-001) (9, 6, 5.00000000000000000000e-001) (9, 6, 5.00000000000000000000e-001) (0, 6, 0.00000000000000000000e+000) (4, 6, 5.00000000000000000000e-001) (4, 6, 5.00000000000000000000e-001) (4, 6, 5.00000000000000000000e-001) (4, 6, 5.00000000000000000000e-001) (4, 6, 5.00000000000000000000e-001) (0, 6, 0.00000000000000000000e+000) 
connections (connected_to_neuron, weight)=(0, 3.90119435678205310000e+000) (1, 2.46275213470918080000e+000) (2, 3.18765994369876180000e+000) (3, 2.40595449745616240000e+000) (4, -2.76468929260607330000e+001) (5, -4.45256314173949000000e+000) (6, 8.49464036987876700000e-002) (7, 7.85256183196848200000e-001) (8, 6.71247438677707170000e-002) (0, 2.06385830668187160000e+000) (1, 1.90147041320452070000e+001) (2, 1.20539843974796420000e+001) (3, -9.04626689494271830000e+000) (4, -6.86269452449037370000e+001) (5, 1.73314088870257810000e+001) (6, 8.01392357679024590000e+000) (7, 1.85675547143369070000e+001) (8, 7.69512274817164670000e-001) (0, -4.11981495673359090000e+000) (1, 1.16124360131513590000e+000) (2, -2.04543368253586520000e+000) (3, -6.04287619917262390000e+000) (4, 1.69380352877506830000e+001) (5, 1.38295543313450760000e+001) (6, -5.08741142277643780000e-001) (7, 3.81242671536454610000e+000) (8, 6.44117714780565450000e-001) (9, -1.07934979382481160000e+000) (10, 3.26376193521452920000e-001) (11, -7.55748646597189430000e-001) (12, 7.01675405639844650000e-001) (9, 1.09284728183215840000e+000) (10, -2.63049636751498060000e-001) (11, 1.10045442092834000000e+000) (12, 5.48554800069837260000e-001) (9, 1.65574550361213380000e+000) (10, -4.19896093196214070000e-001) (11, 1.51642686536869160000e+000) (12, 6.20099069773976330000e-001) (9, 2.12102814571539570000e-001) (10, -1.22121856870969730000e-001) (11, -5.40856260173723080000e-003) (12, 1.07756042097447000000e+000) (9, 1.27538764133760330000e+000) (10, -5.04862963769991510000e-001) (11, 9.35463376160394320000e-001) (12, 9.45074792523106110000e-001) 
