FANN_FLO_2.1
num_layers=3
learning_rate=0.700000
connection_rate=1.000000
network_type=0
learning_momentum=0.000000
training_algorithm=2
train_error_function=1
train_stop_function=0
cascade_output_change_fraction=0.010000
quickprop_decay=-0.000100
quickprop_mu=1.750000
rprop_increase_factor=1.200000
rprop_decrease_factor=0.500000
rprop_delta_min=0.000000
rprop_delta_max=50.000000
rprop_delta_zero=0.100000
cascade_output_stagnation_epochs=12
cascade_candidate_change_fraction=0.010000
cascade_candidate_stagnation_epochs=12
cascade_max_out_epochs=150
cascade_max_cand_epochs=150
cascade_num_candidate_groups=2
bit_fail_limit=3.49999999999999980000e-001
cascade_candidate_limit=1.00000000000000000000e+003
cascade_weight_multiplier=4.00000000000000020000e-001
cascade_activation_functions_count=10
cascade_activation_functions=3 5 7 8 10 11 14 15 16 17 
cascade_activation_steepnesses_count=4
cascade_activation_steepnesses=2.50000000000000000000e-001 5.00000000000000000000e-001 7.50000000000000000000e-001 1.00000000000000000000e+000 
layer_sizes=9 4 6 
scale_included=0
neurons (num_inputs, activation_function, activation_steepness)=(0, 0, 0.00000000000000000000e+000) (0, 0, 0.00000000000000000000e+000) (0, 0, 0.00000000000000000000e+000) (0, 0, 0.00000000000000000000e+000) (0, 0, 0.00000000000000000000e+000) (0, 0, 0.00000000000000000000e+000) (0, 0, 0.00000000000000000000e+000) (0, 0, 0.00000000000000000000e+000) (0, 0, 0.00000000000000000000e+000) (9, 6, 5.00000000000000000000e-001) (9, 6, 5.00000000000000000000e-001) (9, 6, 5.00000000000000000000e-001) (0, 6, 0.00000000000000000000e+000) (4, 6, 5.00000000000000000000e-001) (4, 6, 5.00000000000000000000e-001) (4, 6, 5.00000000000000000000e-001) (4, 6, 5.00000000000000000000e-001) (4, 6, 5.00000000000000000000e-001) (0, 6, 0.00000000000000000000e+000) 
connections (connected_to_neuron, weight)=(0, 4.91385893883156740000e+000) (1, -1.09517233105861200000e+001) (2, 7.57960921597111880000e+000) (3, -4.71515405120558920000e+000) (4, 1.31717689266936340000e+001) (5, -3.38726183112465100000e+000) (6, -7.56805444631063380000e+000) (7, -1.06118127762178690000e+001) (8, -4.63308811715873290000e-001) (0, -2.29673962611148560000e-001) (1, 2.80679152214814990000e-001) (2, -1.51952630383950240000e+000) (3, -5.23239343989658410000e+000) (4, 4.34797924392222070000e+000) (5, 9.37408721951870130000e+000) (6, -7.83332704358795070000e+000) (7, -3.27012742525515600000e-001) (8, 4.90105379513505800000e-001) (0, 5.11520172101049390000e+000) (1, -1.15377349913798370000e+001) (2, 1.12764541809306070000e+001) (3, 2.94443045222118680000e+000) (4, 3.96927478890220000000e+000) (5, -1.90715904676273560000e+001) (6, 7.27638540844661460000e+000) (7, -1.10995857470208390000e+001) (8, -9.63536524339016260000e-001) (9, 4.77041532853957690000e-002) (10, -3.26961945451097300000e-001) (11, -1.33345476735117120000e-001) (12, 6.00611709080214330000e-001) (9, -3.05775173489254430000e-001) (10, 7.45431522352547950000e-001) (11, 1.76541761205615520000e-001) (12, 6.84231474529936380000e-001) (9, 5.40819714236360550000e-001) (10, -1.01229377632871920000e+000) (11, -7.36814436349605640000e-001) (12, 1.00550938956975360000e+000) (9, 3.04507176284602720000e-001) (10, -2.69280537230304150000e-001) (11, -1.95289522702789350000e-001) (12, 1.06215286792816310000e+000) (9, 2.11552617403326070000e+000) (10, -2.78972057554840800000e+000) (11, -2.09064996129832710000e+000) (12, 1.24222841967847650000e+000) 
