FANN_FLO_2.1
num_layers=3
learning_rate=0.700000
connection_rate=1.000000
network_type=0
learning_momentum=0.000000
training_algorithm=2
train_error_function=1
train_stop_function=0
cascade_output_change_fraction=0.010000
quickprop_decay=-0.000100
quickprop_mu=1.750000
rprop_increase_factor=1.200000
rprop_decrease_factor=0.500000
rprop_delta_min=0.000000
rprop_delta_max=50.000000
rprop_delta_zero=0.100000
cascade_output_stagnation_epochs=12
cascade_candidate_change_fraction=0.010000
cascade_candidate_stagnation_epochs=12
cascade_max_out_epochs=150
cascade_max_cand_epochs=150
cascade_num_candidate_groups=2
bit_fail_limit=3.49999999999999980000e-001
cascade_candidate_limit=1.00000000000000000000e+003
cascade_weight_multiplier=4.00000000000000020000e-001
cascade_activation_functions_count=10
cascade_activation_functions=3 5 7 8 10 11 14 15 16 17 
cascade_activation_steepnesses_count=4
cascade_activation_steepnesses=2.50000000000000000000e-001 5.00000000000000000000e-001 7.50000000000000000000e-001 1.00000000000000000000e+000 
layer_sizes=9 4 6 
scale_included=0
neurons (num_inputs, activation_function, activation_steepness)=(0, 0, 0.00000000000000000000e+000) (0, 0, 0.00000000000000000000e+000) (0, 0, 0.00000000000000000000e+000) (0, 0, 0.00000000000000000000e+000) (0, 0, 0.00000000000000000000e+000) (0, 0, 0.00000000000000000000e+000) (0, 0, 0.00000000000000000000e+000) (0, 0, 0.00000000000000000000e+000) (0, 0, 0.00000000000000000000e+000) (9, 6, 5.00000000000000000000e-001) (9, 6, 5.00000000000000000000e-001) (9, 6, 5.00000000000000000000e-001) (0, 6, 0.00000000000000000000e+000) (4, 6, 5.00000000000000000000e-001) (4, 6, 5.00000000000000000000e-001) (4, 6, 5.00000000000000000000e-001) (4, 6, 5.00000000000000000000e-001) (4, 6, 5.00000000000000000000e-001) (0, 6, 0.00000000000000000000e+000) 
connections (connected_to_neuron, weight)=(0, -4.08405450364224680000e-002) (1, -4.37646464405729300000e-001) (2, 4.67710669185522840000e-001) (3, -9.50925505439894400000e-001) (4, 1.12847991983939330000e+000) (5, -7.11811215866246180000e-001) (6, 1.88230927277257170000e+000) (7, -1.53620335901852780000e+000) (8, 7.31189319841369810000e-001) (0, -3.57409087624089630000e-001) (1, 3.99812044187915830000e-001) (2, -1.15880411776799810000e-001) (3, 7.43269419024096050000e-001) (4, -9.82895160945277730000e-001) (5, 1.18458235339578370000e-001) (6, 1.68737734127386350000e-001) (7, 4.97410853626595040000e-001) (8, 1.60017620747028580000e-001) (0, -2.53687623856157450000e-001) (1, 8.45499792659420100000e-001) (2, -2.97075335996674460000e-001) (3, -9.62636136655785850000e-001) (4, -7.05228149482154840000e-001) (5, 2.12920934525020790000e+000) (6, -1.63135803052061570000e+000) (7, 6.11051869796369270000e-001) (8, 1.29174034375029450000e-001) (9, 1.34296989254972550000e+000) (10, 1.73698691684968340000e+000) (11, -7.04067708354460090000e-001) (12, 4.02607212649554530000e-002) (9, 9.12104309493622090000e-001) (10, -4.20123254867234230000e-001) (11, 2.55336281674363710000e+000) (12, 4.22340758709542960000e-001) (9, -3.36653348006111740000e-001) (10, 2.23366122753099730000e+000) (11, 3.28562444649490080000e-001) (12, 9.21740460997348850000e-001) (9, 2.16827119180770440000e-001) (10, -1.80739892862075640000e+000) (11, 6.80448341101763670000e-003) (12, 1.07884276450623880000e+000) (9, -8.79258519963596500000e-001) (10, -3.70126702951101170000e-001) (11, -2.24264437168126440000e-001) (12, 1.40444598418859880000e+000) 
