FANN_FLO_2.1
num_layers=3
learning_rate=0.700000
connection_rate=1.000000
network_type=0
learning_momentum=0.000000
training_algorithm=2
train_error_function=1
train_stop_function=0
cascade_output_change_fraction=0.010000
quickprop_decay=-0.000100
quickprop_mu=1.750000
rprop_increase_factor=1.200000
rprop_decrease_factor=0.500000
rprop_delta_min=0.000000
rprop_delta_max=50.000000
rprop_delta_zero=0.100000
cascade_output_stagnation_epochs=12
cascade_candidate_change_fraction=0.010000
cascade_candidate_stagnation_epochs=12
cascade_max_out_epochs=150
cascade_max_cand_epochs=150
cascade_num_candidate_groups=2
bit_fail_limit=3.49999999999999980000e-001
cascade_candidate_limit=1.00000000000000000000e+003
cascade_weight_multiplier=4.00000000000000020000e-001
cascade_activation_functions_count=10
cascade_activation_functions=3 5 7 8 10 11 14 15 16 17 
cascade_activation_steepnesses_count=4
cascade_activation_steepnesses=2.50000000000000000000e-001 5.00000000000000000000e-001 7.50000000000000000000e-001 1.00000000000000000000e+000 
layer_sizes=9 4 6 
scale_included=0
neurons (num_inputs, activation_function, activation_steepness)=(0, 0, 0.00000000000000000000e+000) (0, 0, 0.00000000000000000000e+000) (0, 0, 0.00000000000000000000e+000) (0, 0, 0.00000000000000000000e+000) (0, 0, 0.00000000000000000000e+000) (0, 0, 0.00000000000000000000e+000) (0, 0, 0.00000000000000000000e+000) (0, 0, 0.00000000000000000000e+000) (0, 0, 0.00000000000000000000e+000) (9, 6, 5.00000000000000000000e-001) (9, 6, 5.00000000000000000000e-001) (9, 6, 5.00000000000000000000e-001) (0, 6, 0.00000000000000000000e+000) (4, 6, 5.00000000000000000000e-001) (4, 6, 5.00000000000000000000e-001) (4, 6, 5.00000000000000000000e-001) (4, 6, 5.00000000000000000000e-001) (4, 6, 5.00000000000000000000e-001) (0, 6, 0.00000000000000000000e+000) 
connections (connected_to_neuron, weight)=(0, 5.81923244430086490000e+000) (1, -6.55461604604165070000e+000) (2, 1.02089323753077270000e+000) (3, 8.03466526458578120000e+000) (4, 1.32141152469525820000e+001) (5, -2.30560376506838940000e+001) (6, 1.70638835690899560000e+001) (7, -1.43039690520495970000e+001) (8, 7.52070399883314920000e-001) (0, 6.34866189082758380000e-001) (1, -2.15337855254272540000e-001) (2, -1.90636726505705660000e-002) (3, -1.11629702425626330000e+000) (4, 1.59120691857624720000e+000) (5, -4.00964155715655910000e-001) (6, -8.40354358729230480000e-001) (7, -1.37321487822005570000e+000) (8, 1.70872635912946100000e-001) (0, 1.72618357667824070000e+000) (1, 1.32510937146558620000e-001) (2, -5.41402734389914600000e-001) (3, -5.49134094495677600000e+000) (4, 4.88628589731425310000e+000) (5, 2.10975511410134290000e+000) (6, -7.74283101587088660000e+000) (7, -1.99509596479679410000e+000) (8, 1.42578352067152440000e-001) (9, -1.40736153064551950000e-001) (10, 1.94941864195122410000e+000) (11, -7.93726151647886620000e-001) (12, 5.19261926333252080000e-001) (9, -5.02344665618556620000e-001) (10, 2.55098207248483530000e+000) (11, -4.90496767121973990000e-001) (12, 8.70875553466057610000e-001) (9, -4.38748995528724580000e-002) (10, -1.91881994975896330000e+000) (11, 3.02525290882995180000e-001) (12, 1.13541090137697490000e+000) (9, -1.19103732834760930000e-001) (10, 3.03966479581804630000e+000) (11, -5.86215721933254000000e-001) (12, 8.68308029597921420000e-001) (9, 5.81960306424207150000e-001) (10, -6.67411286490687240000e+000) (11, 1.93438828960445330000e+000) (12, 1.25709670151940770000e+000) 
