FANN_FLO_2.1
num_layers=3
learning_rate=0.700000
connection_rate=1.000000
network_type=0
learning_momentum=0.000000
training_algorithm=2
train_error_function=1
train_stop_function=0
cascade_output_change_fraction=0.010000
quickprop_decay=-0.000100
quickprop_mu=1.750000
rprop_increase_factor=1.200000
rprop_decrease_factor=0.500000
rprop_delta_min=0.000000
rprop_delta_max=50.000000
rprop_delta_zero=0.100000
cascade_output_stagnation_epochs=12
cascade_candidate_change_fraction=0.010000
cascade_candidate_stagnation_epochs=12
cascade_max_out_epochs=150
cascade_max_cand_epochs=150
cascade_num_candidate_groups=2
bit_fail_limit=3.49999999999999980000e-001
cascade_candidate_limit=1.00000000000000000000e+003
cascade_weight_multiplier=4.00000000000000020000e-001
cascade_activation_functions_count=10
cascade_activation_functions=3 5 7 8 10 11 14 15 16 17 
cascade_activation_steepnesses_count=4
cascade_activation_steepnesses=2.50000000000000000000e-001 5.00000000000000000000e-001 7.50000000000000000000e-001 1.00000000000000000000e+000 
layer_sizes=9 4 6 
scale_included=0
neurons (num_inputs, activation_function, activation_steepness)=(0, 0, 0.00000000000000000000e+000) (0, 0, 0.00000000000000000000e+000) (0, 0, 0.00000000000000000000e+000) (0, 0, 0.00000000000000000000e+000) (0, 0, 0.00000000000000000000e+000) (0, 0, 0.00000000000000000000e+000) (0, 0, 0.00000000000000000000e+000) (0, 0, 0.00000000000000000000e+000) (0, 0, 0.00000000000000000000e+000) (9, 6, 5.00000000000000000000e-001) (9, 6, 5.00000000000000000000e-001) (9, 6, 5.00000000000000000000e-001) (0, 6, 0.00000000000000000000e+000) (4, 6, 5.00000000000000000000e-001) (4, 6, 5.00000000000000000000e-001) (4, 6, 5.00000000000000000000e-001) (4, 6, 5.00000000000000000000e-001) (4, 6, 5.00000000000000000000e-001) (0, 6, 0.00000000000000000000e+000) 
connections (connected_to_neuron, weight)=(0, -4.64175848344840490000e-001) (1, 7.61912620921856580000e-002) (2, -3.21448709533748160000e-001) (3, 1.85475664698405260000e+000) (4, -9.77800956766853860000e-001) (5, -1.07941484260706310000e+000) (6, 1.52341806353296480000e+000) (7, 1.11262250340132440000e+000) (8, -3.32107964470894970000e-001) (0, 6.91451742923689760000e+000) (1, -5.74913277235339400000e+000) (2, 4.67416600823974710000e+000) (3, -8.80341523446730000000e+000) (4, 1.46034494872868590000e+001) (5, -7.18852309554024150000e+000) (6, -6.64234107178684410000e+000) (7, -1.43206275960124710000e+001) (8, 5.58301434326710870000e-001) (0, -6.08596288604012380000e-001) (1, 1.54113889813224760000e+000) (2, -9.43248483427142510000e-001) (3, -1.00578394643667620000e+000) (4, -1.59809394633359330000e+000) (5, 3.88074787971092760000e+000) (6, -2.92428013230031030000e+000) (7, 1.89988815226402900000e+000) (8, 9.14910161634377110000e-001) (9, 1.84558929429933600000e-001) (10, -1.41174800947805300000e-001) (11, -4.73880870218726210000e-001) (12, 8.28822591769745710000e-001) (9, -2.09157166780773940000e+000) (10, -3.00215194492323980000e-001) (11, 5.43127088947305100000e-001) (12, 3.78247936296829290000e-001) (9, 1.75015801822774720000e+000) (10, 1.77043908739001220000e-001) (11, 1.03534471850972180000e+000) (12, 7.76738101935433580000e-001) (9, -1.64114043567735930000e+000) (10, -1.35799313639806190000e-001) (11, -7.31233383550101920000e-001) (12, 1.11292588102558690000e+000) (9, 2.70390369427037980000e+000) (10, 5.73822378518499270000e-001) (11, 1.03285794533620460000e+000) (12, 9.14115425118006250000e-001) 
