FANN_FLO_2.1
num_layers=3
learning_rate=0.700000
connection_rate=1.000000
network_type=0
learning_momentum=0.000000
training_algorithm=2
train_error_function=1
train_stop_function=0
cascade_output_change_fraction=0.010000
quickprop_decay=-0.000100
quickprop_mu=1.750000
rprop_increase_factor=1.200000
rprop_decrease_factor=0.500000
rprop_delta_min=0.000000
rprop_delta_max=50.000000
rprop_delta_zero=0.100000
cascade_output_stagnation_epochs=12
cascade_candidate_change_fraction=0.010000
cascade_candidate_stagnation_epochs=12
cascade_max_out_epochs=150
cascade_max_cand_epochs=150
cascade_num_candidate_groups=2
bit_fail_limit=3.49999999999999980000e-001
cascade_candidate_limit=1.00000000000000000000e+003
cascade_weight_multiplier=4.00000000000000020000e-001
cascade_activation_functions_count=10
cascade_activation_functions=3 5 7 8 10 11 14 15 16 17 
cascade_activation_steepnesses_count=4
cascade_activation_steepnesses=2.50000000000000000000e-001 5.00000000000000000000e-001 7.50000000000000000000e-001 1.00000000000000000000e+000 
layer_sizes=9 4 6 
scale_included=0
neurons (num_inputs, activation_function, activation_steepness)=(0, 0, 0.00000000000000000000e+000) (0, 0, 0.00000000000000000000e+000) (0, 0, 0.00000000000000000000e+000) (0, 0, 0.00000000000000000000e+000) (0, 0, 0.00000000000000000000e+000) (0, 0, 0.00000000000000000000e+000) (0, 0, 0.00000000000000000000e+000) (0, 0, 0.00000000000000000000e+000) (0, 0, 0.00000000000000000000e+000) (9, 6, 5.00000000000000000000e-001) (9, 6, 5.00000000000000000000e-001) (9, 6, 5.00000000000000000000e-001) (0, 6, 0.00000000000000000000e+000) (4, 6, 5.00000000000000000000e-001) (4, 6, 5.00000000000000000000e-001) (4, 6, 5.00000000000000000000e-001) (4, 6, 5.00000000000000000000e-001) (4, 6, 5.00000000000000000000e-001) (0, 6, 0.00000000000000000000e+000) 
connections (connected_to_neuron, weight)=(0, 1.97531326993244010000e+000) (1, 1.25540663338858140000e+000) (2, 4.15703020494511400000e+000) (3, -1.22481967542067500000e+001) (4, 1.76680039186035650000e+000) (5, 6.84270884843668630000e+000) (6, -8.91384806627973350000e+000) (7, -2.46971498670761360000e+000) (8, -7.30837262761961510000e-002) (0, -9.30422199807627750000e-001) (1, -5.23295373918557690000e+000) (2, -4.36506524849935220000e+000) (3, 1.59175852282880590000e+001) (4, 2.08979142400746150000e+000) (5, -1.62267249973569640000e+001) (6, 1.25810192877225900000e+001) (7, 5.07061655856191610000e+000) (8, -2.94725934210142260000e-001) (0, -5.78733698783046350000e+000) (1, 7.97412878814915070000e+000) (2, -9.00445876807043530000e+000) (3, 1.37842131992261760000e+001) (4, -1.31432811900662310000e+001) (5, 1.69724877270177070000e+001) (6, 1.89402702443855530000e+000) (7, 7.61953019712751640000e-001) (8, 1.25514949148592540000e+000) (9, -2.04114512153400480000e+000) (10, -1.21406492052553760000e+000) (11, -5.23444866875947930000e-001) (12, 6.19428992322612950000e-001) (9, 2.59465982834395130000e+000) (10, 1.43063228108183080000e+000) (11, 9.17161092177196770000e-001) (12, 6.32706612750774110000e-001) (9, 2.63689856497450410000e-001) (10, 1.17446637113766160000e-001) (11, 2.79079922863785130000e-001) (12, 8.63163497771816110000e-001) (9, 2.99346975941864590000e+000) (10, 1.93668123911530320000e+000) (11, 7.39041832085499890000e-001) (12, 9.92287417749279530000e-001) (9, 3.70438966831077020000e+000) (10, 2.47004407805748900000e+000) (11, 9.85133983481281120000e-001) (12, 1.00574364146814040000e+000) 
