FANN_FLO_2.1
num_layers=3
learning_rate=0.700000
connection_rate=1.000000
network_type=0
learning_momentum=0.000000
training_algorithm=2
train_error_function=1
train_stop_function=0
cascade_output_change_fraction=0.010000
quickprop_decay=-0.000100
quickprop_mu=1.750000
rprop_increase_factor=1.200000
rprop_decrease_factor=0.500000
rprop_delta_min=0.000000
rprop_delta_max=50.000000
rprop_delta_zero=0.100000
cascade_output_stagnation_epochs=12
cascade_candidate_change_fraction=0.010000
cascade_candidate_stagnation_epochs=12
cascade_max_out_epochs=150
cascade_max_cand_epochs=150
cascade_num_candidate_groups=2
bit_fail_limit=3.49999999999999980000e-001
cascade_candidate_limit=1.00000000000000000000e+003
cascade_weight_multiplier=4.00000000000000020000e-001
cascade_activation_functions_count=10
cascade_activation_functions=3 5 7 8 10 11 14 15 16 17 
cascade_activation_steepnesses_count=4
cascade_activation_steepnesses=2.50000000000000000000e-001 5.00000000000000000000e-001 7.50000000000000000000e-001 1.00000000000000000000e+000 
layer_sizes=9 4 6 
scale_included=0
neurons (num_inputs, activation_function, activation_steepness)=(0, 0, 0.00000000000000000000e+000) (0, 0, 0.00000000000000000000e+000) (0, 0, 0.00000000000000000000e+000) (0, 0, 0.00000000000000000000e+000) (0, 0, 0.00000000000000000000e+000) (0, 0, 0.00000000000000000000e+000) (0, 0, 0.00000000000000000000e+000) (0, 0, 0.00000000000000000000e+000) (0, 0, 0.00000000000000000000e+000) (9, 6, 5.00000000000000000000e-001) (9, 6, 5.00000000000000000000e-001) (9, 6, 5.00000000000000000000e-001) (0, 6, 0.00000000000000000000e+000) (4, 6, 5.00000000000000000000e-001) (4, 6, 5.00000000000000000000e-001) (4, 6, 5.00000000000000000000e-001) (4, 6, 5.00000000000000000000e-001) (4, 6, 5.00000000000000000000e-001) (0, 6, 0.00000000000000000000e+000) 
connections (connected_to_neuron, weight)=(0, -2.37201874860902030000e+000) (1, 4.84952810260591890000e-001) (2, -4.81638085887289600000e+000) (3, 8.49819398231391960000e+000) (4, -2.51299635355200210000e+000) (5, -4.42297466912702400000e+000) (6, 9.93491053829668760000e+000) (7, 1.58937972647937680000e+000) (8, 2.18072126890050430000e-002) (0, -4.68858510274630640000e+000) (1, 4.91527582355262820000e+000) (2, -4.62823394801637460000e+000) (3, 1.45266702858453380000e+000) (4, -1.00212496090799500000e+001) (5, 1.64114830455694120000e+001) (6, 4.05902953088347170000e-001) (7, 9.02525220371771850000e-001) (8, 1.02588366552389850000e+000) (0, -3.66994984736052300000e-001) (1, 3.62443580282292200000e+000) (2, 4.31751625517510980000e+000) (3, -1.18445840934391060000e+001) (4, -4.60374183635720250000e+000) (5, 1.84489288370092910000e+001) (6, -1.35621378582358040000e+001) (7, -3.41937666927449510000e+000) (8, 5.48218660683204240000e-001) (9, 2.04296073844109790000e+000) (10, -1.09589602351516110000e+000) (11, 1.25487009344972480000e+000) (12, 7.49475957557336650000e-001) (9, -2.16888843784182540000e+000) (10, 1.40162823982908140000e+000) (11, -1.27701470126227060000e+000) (12, 5.35196878302207520000e-001) (9, -9.78591707324086010000e-002) (10, 2.54420140937358370000e-001) (11, -4.94664297735812890000e-002) (12, 8.87454422168972750000e-001) (9, -2.63842626212268880000e+000) (10, 1.39549485742737710000e+000) (11, -1.77437780111606070000e+000) (12, 8.40484386002536500000e-001) (9, -2.86321316071070830000e+000) (10, 1.59349036024019800000e+000) (11, -2.00895988512972590000e+000) (12, 8.57893340483983140000e-001) 
