FANN_FLO_2.1
num_layers=3
learning_rate=0.700000
connection_rate=1.000000
network_type=0
learning_momentum=0.000000
training_algorithm=2
train_error_function=1
train_stop_function=0
cascade_output_change_fraction=0.010000
quickprop_decay=-0.000100
quickprop_mu=1.750000
rprop_increase_factor=1.200000
rprop_decrease_factor=0.500000
rprop_delta_min=0.000000
rprop_delta_max=50.000000
rprop_delta_zero=0.100000
cascade_output_stagnation_epochs=12
cascade_candidate_change_fraction=0.010000
cascade_candidate_stagnation_epochs=12
cascade_max_out_epochs=150
cascade_max_cand_epochs=150
cascade_num_candidate_groups=2
bit_fail_limit=3.49999999999999980000e-001
cascade_candidate_limit=1.00000000000000000000e+003
cascade_weight_multiplier=4.00000000000000020000e-001
cascade_activation_functions_count=10
cascade_activation_functions=3 5 7 8 10 11 14 15 16 17 
cascade_activation_steepnesses_count=4
cascade_activation_steepnesses=2.50000000000000000000e-001 5.00000000000000000000e-001 7.50000000000000000000e-001 1.00000000000000000000e+000 
layer_sizes=9 4 6 
scale_included=0
neurons (num_inputs, activation_function, activation_steepness)=(0, 0, 0.00000000000000000000e+000) (0, 0, 0.00000000000000000000e+000) (0, 0, 0.00000000000000000000e+000) (0, 0, 0.00000000000000000000e+000) (0, 0, 0.00000000000000000000e+000) (0, 0, 0.00000000000000000000e+000) (0, 0, 0.00000000000000000000e+000) (0, 0, 0.00000000000000000000e+000) (0, 0, 0.00000000000000000000e+000) (9, 6, 5.00000000000000000000e-001) (9, 6, 5.00000000000000000000e-001) (9, 6, 5.00000000000000000000e-001) (0, 6, 0.00000000000000000000e+000) (4, 6, 5.00000000000000000000e-001) (4, 6, 5.00000000000000000000e-001) (4, 6, 5.00000000000000000000e-001) (4, 6, 5.00000000000000000000e-001) (4, 6, 5.00000000000000000000e-001) (0, 6, 0.00000000000000000000e+000) 
connections (connected_to_neuron, weight)=(0, -8.81249590896112210000e-001) (1, 2.61862589425505500000e-001) (2, -1.79702951048271050000e+000) (3, 1.75043289438781090000e+000) (4, -7.34958647705398870000e-001) (5, 1.04508843033358630000e+000) (6, -3.18328703884215210000e+000) (7, 5.43386880690549300000e+000) (8, 4.06957004521572300000e-001) (0, -1.17538352948318800000e+001) (1, -2.23280839650437550000e+000) (2, -8.70694751784811590000e+000) (3, 5.97701758008759660000e+000) (4, -4.13646613809919900000e+001) (5, 1.27796018277069510000e+002) (6, -4.53824159154326740000e+001) (7, 7.34635575097546670000e+000) (8, 9.31846836025200690000e-001) (0, -1.14348226941780080000e+001) (1, -1.35388455893253480000e+000) (2, 6.59996038272014380000e+000) (3, -3.00846388352270470000e+000) (4, -5.60543757878432700000e+001) (5, 1.43782606579980210000e+002) (6, -1.90902019229493480000e+001) (7, -4.48729359529703300000e+001) (8, 3.25291561856328960000e-001) (9, 1.17489720989007360000e+000) (10, -3.87746721447433830000e-001) (11, 3.08074358177441440000e-001) (12, 4.63523375636381190000e-001) (9, -6.69371477441141780000e-001) (10, 2.90321554093259600000e-001) (11, -1.29133650936969710000e-001) (12, 8.58077787283311970000e-001) (9, 5.48689195776562610000e-001) (10, -6.52363926947993190000e-002) (11, 1.05647548378966030000e-001) (12, 8.91413445649988810000e-001) (9, -2.50377058979408540000e+000) (10, 7.42442319310655960000e-001) (11, -5.82136084714704350000e-001) (12, 1.28481731030327630000e+000) (9, 1.56183422448037350000e-003) (10, 2.03294278378556400000e-001) (11, -2.47100571161901150000e-001) (12, 1.04687929860271780000e+000) 
