FANN_FLO_2.1
num_layers=3
learning_rate=0.700000
connection_rate=1.000000
network_type=0
learning_momentum=0.000000
training_algorithm=2
train_error_function=1
train_stop_function=0
cascade_output_change_fraction=0.010000
quickprop_decay=-0.000100
quickprop_mu=1.750000
rprop_increase_factor=1.200000
rprop_decrease_factor=0.500000
rprop_delta_min=0.000000
rprop_delta_max=50.000000
rprop_delta_zero=0.100000
cascade_output_stagnation_epochs=12
cascade_candidate_change_fraction=0.010000
cascade_candidate_stagnation_epochs=12
cascade_max_out_epochs=150
cascade_max_cand_epochs=150
cascade_num_candidate_groups=2
bit_fail_limit=3.49999999999999980000e-001
cascade_candidate_limit=1.00000000000000000000e+003
cascade_weight_multiplier=4.00000000000000020000e-001
cascade_activation_functions_count=10
cascade_activation_functions=3 5 7 8 10 11 14 15 16 17 
cascade_activation_steepnesses_count=4
cascade_activation_steepnesses=2.50000000000000000000e-001 5.00000000000000000000e-001 7.50000000000000000000e-001 1.00000000000000000000e+000 
layer_sizes=9 4 6 
scale_included=0
neurons (num_inputs, activation_function, activation_steepness)=(0, 0, 0.00000000000000000000e+000) (0, 0, 0.00000000000000000000e+000) (0, 0, 0.00000000000000000000e+000) (0, 0, 0.00000000000000000000e+000) (0, 0, 0.00000000000000000000e+000) (0, 0, 0.00000000000000000000e+000) (0, 0, 0.00000000000000000000e+000) (0, 0, 0.00000000000000000000e+000) (0, 0, 0.00000000000000000000e+000) (9, 6, 5.00000000000000000000e-001) (9, 6, 5.00000000000000000000e-001) (9, 6, 5.00000000000000000000e-001) (0, 6, 0.00000000000000000000e+000) (4, 6, 5.00000000000000000000e-001) (4, 6, 5.00000000000000000000e-001) (4, 6, 5.00000000000000000000e-001) (4, 6, 5.00000000000000000000e-001) (4, 6, 5.00000000000000000000e-001) (0, 6, 0.00000000000000000000e+000) 
connections (connected_to_neuron, weight)=(0, 3.63910202196103500000e+000) (1, -5.68595842768389390000e+000) (2, 3.54580083155044080000e+000) (3, -6.79289207451874040000e-001) (4, 1.03367080672732780000e+001) (5, -1.83695213201238660000e+001) (6, 5.58203723032811630000e+000) (7, -3.03861459292269890000e+000) (8, -5.90624482061697380000e-001) (0, 5.55152148264836280000e-001) (1, -6.92043531558550700000e-001) (2, 3.48859487863473040000e-001) (3, -1.03181784829126140000e+000) (4, 1.33627259189426350000e+000) (5, -6.39247559477370770000e-001) (6, -2.22386714577632820000e-001) (7, -5.75236565481215490000e-001) (8, -1.85220441969395240000e-001) (0, -1.26164046928963320000e+001) (1, 2.09096217214400680000e+001) (2, -1.57257546687507670000e+000) (3, 7.59699082600713990000e+000) (4, -3.34200578379997420000e+001) (5, 2.74822098504889570000e+001) (6, 1.08599006454772700000e+001) (7, -2.24321687810684710000e+000) (8, -1.14952657401346510000e-001) (9, 2.69897283843883280000e-001) (10, -1.02121782745832660000e+000) (11, 1.09991334014204560000e-001) (12, 5.62583925970189910000e-001) (9, -5.30944634294749470000e-001) (10, 2.65361099094448160000e+000) (11, 4.27107069288891400000e-002) (12, 9.22332151451454970000e-001) (9, -8.58543495390636930000e-002) (10, -1.63647324906237060000e+000) (11, -4.59518494029351050000e-002) (12, 8.24168369809266780000e-001) (9, -7.35666853168699810000e-002) (10, 1.70582820718079640000e+000) (11, 5.53059583656768240000e-003) (12, 1.14841442707575900000e+000) (9, -1.88927623543865110000e-001) (10, -1.81594789469936990000e+000) (11, -3.40635719459733810000e-001) (12, 8.61566345372749340000e-001) 
