FANN_FLO_2.1
num_layers=3
learning_rate=0.700000
connection_rate=1.000000
network_type=0
learning_momentum=0.000000
training_algorithm=2
train_error_function=1
train_stop_function=0
cascade_output_change_fraction=0.010000
quickprop_decay=-0.000100
quickprop_mu=1.750000
rprop_increase_factor=1.200000
rprop_decrease_factor=0.500000
rprop_delta_min=0.000000
rprop_delta_max=50.000000
rprop_delta_zero=0.100000
cascade_output_stagnation_epochs=12
cascade_candidate_change_fraction=0.010000
cascade_candidate_stagnation_epochs=12
cascade_max_out_epochs=150
cascade_max_cand_epochs=150
cascade_num_candidate_groups=2
bit_fail_limit=3.49999999999999980000e-001
cascade_candidate_limit=1.00000000000000000000e+003
cascade_weight_multiplier=4.00000000000000020000e-001
cascade_activation_functions_count=10
cascade_activation_functions=3 5 7 8 10 11 14 15 16 17 
cascade_activation_steepnesses_count=4
cascade_activation_steepnesses=2.50000000000000000000e-001 5.00000000000000000000e-001 7.50000000000000000000e-001 1.00000000000000000000e+000 
layer_sizes=9 4 6 
scale_included=0
neurons (num_inputs, activation_function, activation_steepness)=(0, 0, 0.00000000000000000000e+000) (0, 0, 0.00000000000000000000e+000) (0, 0, 0.00000000000000000000e+000) (0, 0, 0.00000000000000000000e+000) (0, 0, 0.00000000000000000000e+000) (0, 0, 0.00000000000000000000e+000) (0, 0, 0.00000000000000000000e+000) (0, 0, 0.00000000000000000000e+000) (0, 0, 0.00000000000000000000e+000) (9, 6, 5.00000000000000000000e-001) (9, 6, 5.00000000000000000000e-001) (9, 6, 5.00000000000000000000e-001) (0, 6, 0.00000000000000000000e+000) (4, 6, 5.00000000000000000000e-001) (4, 6, 5.00000000000000000000e-001) (4, 6, 5.00000000000000000000e-001) (4, 6, 5.00000000000000000000e-001) (4, 6, 5.00000000000000000000e-001) (0, 6, 0.00000000000000000000e+000) 
connections (connected_to_neuron, weight)=(0, -5.00111216338387400000e-001) (1, 1.81166900431162840000e+000) (2, -1.20068881577080690000e+000) (3, -1.56196814419482340000e+000) (4, -1.64901471363816170000e+000) (5, 5.64279816038158090000e+000) (6, -4.45078317536497270000e+000) (7, 1.80517938675629910000e+000) (8, 1.02437753934859520000e+000) (0, -3.57701292175544190000e-001) (1, 3.21021476673972570000e-001) (2, -1.48485126581011790000e-001) (3, 7.78311096344789680000e-001) (4, -8.32253399047106930000e-001) (5, 2.40716885843528130000e-001) (6, 1.71237669048100090000e-001) (7, 4.03750413012795130000e-001) (8, 9.52701285680459950000e-002) (0, 7.30401896716369860000e+000) (1, -7.97338967716072490000e+000) (2, 1.45227335141626870000e+000) (3, -5.69207906968913590000e+000) (4, 1.66885873759912440000e+001) (5, -1.57637584974880090000e+001) (6, -2.05203637841253710000e+000) (7, -3.37513297393572500000e-001) (8, 3.41628647672234660000e-001) (9, -6.82969648606113090000e-001) (10, 2.60119890146536640000e-001) (11, -1.54994796071577600000e-001) (12, 9.02999391850114020000e-001) (9, 6.76731262037852830000e-001) (10, -3.11227251944966540000e+000) (11, -3.07853324667717140000e-001) (12, 7.14249906141533390000e-001) (9, 2.84312286797469340000e-001) (10, 2.54247275060829910000e+000) (11, 3.48245298385455040000e-002) (12, 7.40948629412601200000e-001) (9, -1.39935156362067300000e-001) (10, -2.98342322736638850000e+000) (11, -1.16123512684776680000e-001) (12, 1.23632631566249350000e+000) (9, 5.77910500589030600000e-001) (10, 3.90645125837053180000e+000) (11, 5.05280849630863060000e-001) (12, 5.53841210961119380000e-001) 
