FANN_FLO_2.1
num_layers=3
learning_rate=0.700000
connection_rate=1.000000
network_type=0
learning_momentum=0.000000
training_algorithm=2
train_error_function=1
train_stop_function=0
cascade_output_change_fraction=0.010000
quickprop_decay=-0.000100
quickprop_mu=1.750000
rprop_increase_factor=1.200000
rprop_decrease_factor=0.500000
rprop_delta_min=0.000000
rprop_delta_max=50.000000
rprop_delta_zero=0.100000
cascade_output_stagnation_epochs=12
cascade_candidate_change_fraction=0.010000
cascade_candidate_stagnation_epochs=12
cascade_max_out_epochs=150
cascade_max_cand_epochs=150
cascade_num_candidate_groups=2
bit_fail_limit=3.49999999999999980000e-001
cascade_candidate_limit=1.00000000000000000000e+003
cascade_weight_multiplier=4.00000000000000020000e-001
cascade_activation_functions_count=10
cascade_activation_functions=3 5 7 8 10 11 14 15 16 17 
cascade_activation_steepnesses_count=4
cascade_activation_steepnesses=2.50000000000000000000e-001 5.00000000000000000000e-001 7.50000000000000000000e-001 1.00000000000000000000e+000 
layer_sizes=9 4 6 
scale_included=0
neurons (num_inputs, activation_function, activation_steepness)=(0, 0, 0.00000000000000000000e+000) (0, 0, 0.00000000000000000000e+000) (0, 0, 0.00000000000000000000e+000) (0, 0, 0.00000000000000000000e+000) (0, 0, 0.00000000000000000000e+000) (0, 0, 0.00000000000000000000e+000) (0, 0, 0.00000000000000000000e+000) (0, 0, 0.00000000000000000000e+000) (0, 0, 0.00000000000000000000e+000) (9, 6, 5.00000000000000000000e-001) (9, 6, 5.00000000000000000000e-001) (9, 6, 5.00000000000000000000e-001) (0, 6, 0.00000000000000000000e+000) (4, 6, 5.00000000000000000000e-001) (4, 6, 5.00000000000000000000e-001) (4, 6, 5.00000000000000000000e-001) (4, 6, 5.00000000000000000000e-001) (4, 6, 5.00000000000000000000e-001) (0, 6, 0.00000000000000000000e+000) 
connections (connected_to_neuron, weight)=(0, -5.17684633470618550000e-001) (1, 7.64915060754322870000e+000) (2, 1.55485011275469790000e+000) (3, -1.20977363134852600000e+001) (4, -2.19146559378576140000e+001) (5, 9.72680881081881310000e+000) (6, 3.27556473098628630000e+000) (7, 6.33784931328497780000e+000) (8, -6.14002681758399550000e-002) (0, -3.18897005588815440000e+000) (1, 4.81688681802768140000e+000) (2, 1.17118726984107900000e-001) (3, 2.82740527439262660000e+000) (4, -8.37545825185228840000e+000) (5, 1.94431752022805780000e+000) (6, 1.08122904849972890000e+001) (7, -9.73110116666958190000e+000) (8, 3.58904746842559570000e-001) (0, -9.70636756978337620000e-001) (1, -1.10770303128122190000e+001) (2, -3.43191452815554540000e+000) (3, 2.21955057763928420000e+001) (4, 3.31312563177985950000e+001) (5, -1.52419148910659140000e+001) (6, -2.05429360672432760000e+000) (7, -1.63029736203558890000e+001) (8, -4.03963147133355520000e-001) (9, -2.18594750155934130000e+000) (10, 8.66536763125855590000e-001) (11, -1.28184597260796050000e+000) (12, 1.09747831858049070000e-001) (9, 2.75559947083483970000e+000) (10, -7.71996633470676040000e-001) (11, 1.62574889495192810000e+000) (12, 1.37363510680225940000e+000) (9, 1.73826874294895380000e+000) (10, -2.80637203517263620000e-001) (11, 1.08632311391763390000e+000) (12, 1.30308340977581950000e+000) (9, 7.94595776845221650000e-001) (10, -4.11475054535590970000e-001) (11, 5.00035510531396720000e-001) (12, 1.21115603921917850000e+000) (9, 1.31080509456988900000e+000) (10, -5.84944923475514190000e-001) (11, 9.20605263970761370000e-001) (12, 1.37474296425274670000e+000) 
