FANN_FLO_2.1
num_layers=3
learning_rate=0.700000
connection_rate=1.000000
network_type=0
learning_momentum=0.000000
training_algorithm=2
train_error_function=1
train_stop_function=0
cascade_output_change_fraction=0.010000
quickprop_decay=-0.000100
quickprop_mu=1.750000
rprop_increase_factor=1.200000
rprop_decrease_factor=0.500000
rprop_delta_min=0.000000
rprop_delta_max=50.000000
rprop_delta_zero=0.100000
cascade_output_stagnation_epochs=12
cascade_candidate_change_fraction=0.010000
cascade_candidate_stagnation_epochs=12
cascade_max_out_epochs=150
cascade_max_cand_epochs=150
cascade_num_candidate_groups=2
bit_fail_limit=3.49999999999999980000e-001
cascade_candidate_limit=1.00000000000000000000e+003
cascade_weight_multiplier=4.00000000000000020000e-001
cascade_activation_functions_count=10
cascade_activation_functions=3 5 7 8 10 11 14 15 16 17 
cascade_activation_steepnesses_count=4
cascade_activation_steepnesses=2.50000000000000000000e-001 5.00000000000000000000e-001 7.50000000000000000000e-001 1.00000000000000000000e+000 
layer_sizes=9 4 6 
scale_included=0
neurons (num_inputs, activation_function, activation_steepness)=(0, 0, 0.00000000000000000000e+000) (0, 0, 0.00000000000000000000e+000) (0, 0, 0.00000000000000000000e+000) (0, 0, 0.00000000000000000000e+000) (0, 0, 0.00000000000000000000e+000) (0, 0, 0.00000000000000000000e+000) (0, 0, 0.00000000000000000000e+000) (0, 0, 0.00000000000000000000e+000) (0, 0, 0.00000000000000000000e+000) (9, 6, 5.00000000000000000000e-001) (9, 6, 5.00000000000000000000e-001) (9, 6, 5.00000000000000000000e-001) (0, 6, 0.00000000000000000000e+000) (4, 6, 5.00000000000000000000e-001) (4, 6, 5.00000000000000000000e-001) (4, 6, 5.00000000000000000000e-001) (4, 6, 5.00000000000000000000e-001) (4, 6, 5.00000000000000000000e-001) (0, 6, 0.00000000000000000000e+000) 
connections (connected_to_neuron, weight)=(0, -5.65680700777373070000e+000) (1, 3.02215503984899360000e+000) (2, -6.53683837280865010000e+000) (3, -1.18601774213442580000e+000) (4, -1.47446474187918250000e+001) (5, 3.50013025449248330000e+001) (6, -1.41179379985767890000e+001) (7, 5.54123373252435150000e+000) (8, 2.70812619515117440000e+000) (0, 1.94776055391832070000e+000) (1, -1.18479603922288890000e+000) (2, 1.29764295373290730000e+000) (3, -6.23240818234653270000e-001) (4, 4.64847988694782630000e+000) (5, -6.87787759771238960000e+000) (6, 1.73209694643388490000e+000) (7, -8.38551416671420750000e-001) (8, -6.48673207694314250000e-001) (0, -7.08853355464299430000e+001) (1, 4.54589701856570110000e+000) (2, -1.32312442296634860000e+002) (3, -1.02692831578369390000e+002) (4, -6.36275718683188880000e+001) (5, 4.48681172324490030000e+002) (6, -3.29270035972645360000e+002) (7, 4.79553737468422870000e+002) (8, 4.01322534168641600000e+001) (9, -9.81155702825059930000e-001) (10, -1.79973950501782260000e+000) (11, 1.86044962366540000000e-001) (12, 6.95196731859921150000e-001) (9, 8.14173583908964770000e-001) (10, 9.65534284221548860000e-001) (11, -2.33651028622059550000e-001) (12, 6.69988991228755330000e-001) (9, -2.82894620305162770000e-001) (10, -8.74608056467734760000e-001) (11, 7.24042509253169100000e-002) (12, 9.05393357966905680000e-001) (9, 1.30424334288376720000e+000) (10, 2.10139479264338380000e+000) (11, -7.51122833623888990000e-001) (12, 1.28903825820513900000e+000) (9, 3.13105569956538380000e-001) (10, 8.47367784878441890000e-001) (11, 1.01952205608380140000e-001) (12, 9.48402070229362290000e-001) 
