FANN_FLO_2.1
num_layers=3
learning_rate=0.700000
connection_rate=1.000000
network_type=0
learning_momentum=0.000000
training_algorithm=2
train_error_function=1
train_stop_function=0
cascade_output_change_fraction=0.010000
quickprop_decay=-0.000100
quickprop_mu=1.750000
rprop_increase_factor=1.200000
rprop_decrease_factor=0.500000
rprop_delta_min=0.000000
rprop_delta_max=50.000000
rprop_delta_zero=0.100000
cascade_output_stagnation_epochs=12
cascade_candidate_change_fraction=0.010000
cascade_candidate_stagnation_epochs=12
cascade_max_out_epochs=150
cascade_max_cand_epochs=150
cascade_num_candidate_groups=2
bit_fail_limit=3.49999999999999980000e-001
cascade_candidate_limit=1.00000000000000000000e+003
cascade_weight_multiplier=4.00000000000000020000e-001
cascade_activation_functions_count=10
cascade_activation_functions=3 5 7 8 10 11 14 15 16 17 
cascade_activation_steepnesses_count=4
cascade_activation_steepnesses=2.50000000000000000000e-001 5.00000000000000000000e-001 7.50000000000000000000e-001 1.00000000000000000000e+000 
layer_sizes=9 4 6 
scale_included=0
neurons (num_inputs, activation_function, activation_steepness)=(0, 0, 0.00000000000000000000e+000) (0, 0, 0.00000000000000000000e+000) (0, 0, 0.00000000000000000000e+000) (0, 0, 0.00000000000000000000e+000) (0, 0, 0.00000000000000000000e+000) (0, 0, 0.00000000000000000000e+000) (0, 0, 0.00000000000000000000e+000) (0, 0, 0.00000000000000000000e+000) (0, 0, 0.00000000000000000000e+000) (9, 6, 5.00000000000000000000e-001) (9, 6, 5.00000000000000000000e-001) (9, 6, 5.00000000000000000000e-001) (0, 6, 0.00000000000000000000e+000) (4, 6, 5.00000000000000000000e-001) (4, 6, 5.00000000000000000000e-001) (4, 6, 5.00000000000000000000e-001) (4, 6, 5.00000000000000000000e-001) (4, 6, 5.00000000000000000000e-001) (0, 6, 0.00000000000000000000e+000) 
connections (connected_to_neuron, weight)=(0, 4.52714516850985740000e-001) (1, -4.11371983395568070000e-001) (2, 3.40077970752190370000e-001) (3, -6.86752813793388480000e-001) (4, 1.11812621187870850000e+000) (5, -8.12847779872609700000e-001) (6, 2.90685512954995340000e-001) (7, -9.92042898870186040000e-001) (8, 3.80641226518824840000e-003) (0, -4.83729689033016440000e-001) (1, 1.46169888188763550000e+000) (2, -1.40343200096577190000e+000) (3, -1.37278995004429970000e+000) (4, -1.52462983304229230000e+000) (5, 5.73331337138908380000e+000) (6, -4.66330814079620120000e+000) (7, 2.65914645417743680000e+000) (8, 1.03169653203237700000e+000) (0, 6.67574453190569540000e+000) (1, -7.39119108631282900000e+000) (2, 3.88778007668440840000e+000) (3, -4.29417980669797840000e+000) (4, 1.96481709221768850000e+001) (5, -2.14872555420565200000e+001) (6, 5.20859231333883250000e+000) (7, -9.16298626130373780000e+000) (8, -9.63399238704707310000e-002) (9, -6.89354050772148060000e-001) (10, -8.26396163718259640000e-001) (11, -1.02759826532534450000e-001) (12, 9.57833637719476720000e-001) (9, 2.93311806753017820000e+000) (10, 6.40549827995829380000e-001) (11, -3.36160864824045560000e-001) (12, 5.27792456830933010000e-001) (9, -1.82048333540867890000e+000) (10, -5.12920376026901760000e-003) (11, -1.02849993017094040000e-002) (12, 9.94845784618892500000e-001) (9, 3.20792234940697840000e+000) (10, -9.92997169351258060000e-002) (11, -1.94061505919075450000e-001) (12, 1.05757899943310150000e+000) (9, -3.17859785783659810000e+000) (10, 7.87953897505071170000e-001) (11, 4.91394051008862020000e-001) (12, 7.24482663338053560000e-001) 
