FANN_FLO_2.1
num_layers=3
learning_rate=0.700000
connection_rate=1.000000
network_type=0
learning_momentum=0.000000
training_algorithm=2
train_error_function=1
train_stop_function=0
cascade_output_change_fraction=0.010000
quickprop_decay=-0.000100
quickprop_mu=1.750000
rprop_increase_factor=1.200000
rprop_decrease_factor=0.500000
rprop_delta_min=0.000000
rprop_delta_max=50.000000
rprop_delta_zero=0.100000
cascade_output_stagnation_epochs=12
cascade_candidate_change_fraction=0.010000
cascade_candidate_stagnation_epochs=12
cascade_max_out_epochs=150
cascade_max_cand_epochs=150
cascade_num_candidate_groups=2
bit_fail_limit=3.49999999999999980000e-001
cascade_candidate_limit=1.00000000000000000000e+003
cascade_weight_multiplier=4.00000000000000020000e-001
cascade_activation_functions_count=10
cascade_activation_functions=3 5 7 8 10 11 14 15 16 17 
cascade_activation_steepnesses_count=4
cascade_activation_steepnesses=2.50000000000000000000e-001 5.00000000000000000000e-001 7.50000000000000000000e-001 1.00000000000000000000e+000 
layer_sizes=9 4 6 
scale_included=0
neurons (num_inputs, activation_function, activation_steepness)=(0, 0, 0.00000000000000000000e+000) (0, 0, 0.00000000000000000000e+000) (0, 0, 0.00000000000000000000e+000) (0, 0, 0.00000000000000000000e+000) (0, 0, 0.00000000000000000000e+000) (0, 0, 0.00000000000000000000e+000) (0, 0, 0.00000000000000000000e+000) (0, 0, 0.00000000000000000000e+000) (0, 0, 0.00000000000000000000e+000) (9, 6, 5.00000000000000000000e-001) (9, 6, 5.00000000000000000000e-001) (9, 6, 5.00000000000000000000e-001) (0, 6, 0.00000000000000000000e+000) (4, 6, 5.00000000000000000000e-001) (4, 6, 5.00000000000000000000e-001) (4, 6, 5.00000000000000000000e-001) (4, 6, 5.00000000000000000000e-001) (4, 6, 5.00000000000000000000e-001) (0, 6, 0.00000000000000000000e+000) 
connections (connected_to_neuron, weight)=(0, -1.50000000000000000000e+003) (1, 2.56610469878013560000e+001) (2, 5.53272706212537810000e+001) (3, -8.59379325114794310000e+001) (4, -1.47359236917525660000e+001) (5, 3.00726556200975720000e+002) (6, 1.36217378243064380000e+001) (7, 1.08714847064668150000e+001) (8, -2.14083006397388640000e+000) (0, 2.82554414750404990000e-004) (1, 1.48782442818716050000e-001) (2, -1.29743558027882480000e-001) (3, -1.40237567565862480000e+000) (4, -8.03024680788787660000e-002) (5, 2.41110675593218330000e+000) (6, -1.38284362424796070000e+000) (7, 2.40847934933365230000e-001) (8, -2.42590765892872070000e-002) (0, -8.05953031000320010000e-001) (1, 1.42427028997133490000e+000) (2, -3.22712316720683570000e-002) (3, 5.36869218408096940000e+000) (4, -2.08259877084582180000e+000) (5, -5.21859030483879670000e+000) (6, 3.05727634901016420000e+000) (7, -3.99948900310191590000e-001) (8, 1.19675412230656670000e+000) (9, 1.96906545337920400000e-001) (10, -1.79708217526045870000e+000) (11, -1.99313947436114100000e-002) (12, 7.27134287916099910000e-001) (9, -5.89627539407780190000e-003) (10, 3.32281560976183550000e+000) (11, 5.84447922856857090000e-001) (12, 5.63435859662949620000e-001) (9, -1.86715641581638940000e-003) (10, 2.44405980227763560000e+000) (11, 1.58779617506994140000e+000) (12, 1.88486246813447280000e-001) (9, -1.05636384188803760000e-001) (10, -5.65484266257565320000e-001) (11, -7.29346138052803910000e-001) (12, 1.30705682274407510000e+000) (9, -2.04700210418334930000e-002) (10, -1.12806162089361890000e-001) (11, -2.46258021811774890000e-003) (12, 1.05628533231202360000e+000) 
