FANN_FLO_2.1
num_layers=3
learning_rate=0.700000
connection_rate=1.000000
network_type=0
learning_momentum=0.000000
training_algorithm=2
train_error_function=1
train_stop_function=0
cascade_output_change_fraction=0.010000
quickprop_decay=-0.000100
quickprop_mu=1.750000
rprop_increase_factor=1.200000
rprop_decrease_factor=0.500000
rprop_delta_min=0.000000
rprop_delta_max=50.000000
rprop_delta_zero=0.100000
cascade_output_stagnation_epochs=12
cascade_candidate_change_fraction=0.010000
cascade_candidate_stagnation_epochs=12
cascade_max_out_epochs=150
cascade_max_cand_epochs=150
cascade_num_candidate_groups=2
bit_fail_limit=3.49999999999999980000e-001
cascade_candidate_limit=1.00000000000000000000e+003
cascade_weight_multiplier=4.00000000000000020000e-001
cascade_activation_functions_count=10
cascade_activation_functions=3 5 7 8 10 11 14 15 16 17 
cascade_activation_steepnesses_count=4
cascade_activation_steepnesses=2.50000000000000000000e-001 5.00000000000000000000e-001 7.50000000000000000000e-001 1.00000000000000000000e+000 
layer_sizes=9 4 6 
scale_included=0
neurons (num_inputs, activation_function, activation_steepness)=(0, 0, 0.00000000000000000000e+000) (0, 0, 0.00000000000000000000e+000) (0, 0, 0.00000000000000000000e+000) (0, 0, 0.00000000000000000000e+000) (0, 0, 0.00000000000000000000e+000) (0, 0, 0.00000000000000000000e+000) (0, 0, 0.00000000000000000000e+000) (0, 0, 0.00000000000000000000e+000) (0, 0, 0.00000000000000000000e+000) (9, 6, 5.00000000000000000000e-001) (9, 6, 5.00000000000000000000e-001) (9, 6, 5.00000000000000000000e-001) (0, 6, 0.00000000000000000000e+000) (4, 6, 5.00000000000000000000e-001) (4, 6, 5.00000000000000000000e-001) (4, 6, 5.00000000000000000000e-001) (4, 6, 5.00000000000000000000e-001) (4, 6, 5.00000000000000000000e-001) (0, 6, 0.00000000000000000000e+000) 
connections (connected_to_neuron, weight)=(0, -3.61637153939130760000e-001) (1, 6.52381459969862960000e-001) (2, -5.71436326072203850000e-001) (3, 7.89387286093103100000e-003) (4, -9.42745808600329860000e-001) (5, 1.78618403581639470000e+000) (6, -1.53251302101789610000e+000) (7, 1.31402088189327730000e+000) (8, 9.72995372068940070000e-002) (0, 6.30995232625211690000e+000) (1, -7.13370313734815740000e+000) (2, 4.16773307084079030000e+000) (3, -5.63433340258074370000e+000) (4, 1.97326176780592310000e+001) (5, -2.16545136874204080000e+001) (6, 4.49040559043141040000e+000) (7, -7.96955577326693550000e+000) (8, -2.92339792973678510000e-001) (0, 8.23140179180388840000e-001) (1, -2.71601885697728140000e-001) (2, 2.13992246912116850000e-001) (3, -2.29079416719973890000e+000) (4, 2.08394751396045840000e+000) (5, 5.26482717388819940000e-002) (6, -1.63121836984943180000e+000) (7, -6.09380907036155990000e-001) (8, 1.33846173505953260000e-001) (9, -1.30461164044354790000e+000) (10, -5.11619167909124070000e-002) (11, -7.36854354070787480000e-001) (12, 6.65997101021333580000e-001) (9, -3.66435897725664930000e-001) (10, -4.10805519331338910000e-001) (11, 1.54712975870990090000e+000) (12, 7.15457862301326350000e-001) (9, 8.32707483757426980000e-001) (10, -1.54201164041150930000e-002) (11, -6.09921411711185750000e-001) (12, 9.87210207513436130000e-001) (9, -2.06756824314298710000e+000) (10, -2.14648020611717170000e-001) (11, 1.04969343545605960000e+000) (12, 1.02286152236389660000e+000) (9, 3.51244937126761860000e+000) (10, 4.87945372478495620000e-001) (11, -7.23931620893077390000e-001) (12, 1.02532582457153980000e+000) 
