FANN_FLO_2.1
num_layers=3
learning_rate=0.700000
connection_rate=1.000000
network_type=0
learning_momentum=0.000000
training_algorithm=2
train_error_function=1
train_stop_function=0
cascade_output_change_fraction=0.010000
quickprop_decay=-0.000100
quickprop_mu=1.750000
rprop_increase_factor=1.200000
rprop_decrease_factor=0.500000
rprop_delta_min=0.000000
rprop_delta_max=50.000000
rprop_delta_zero=0.100000
cascade_output_stagnation_epochs=12
cascade_candidate_change_fraction=0.010000
cascade_candidate_stagnation_epochs=12
cascade_max_out_epochs=150
cascade_max_cand_epochs=150
cascade_num_candidate_groups=2
bit_fail_limit=3.49999999999999980000e-001
cascade_candidate_limit=1.00000000000000000000e+003
cascade_weight_multiplier=4.00000000000000020000e-001
cascade_activation_functions_count=10
cascade_activation_functions=3 5 7 8 10 11 14 15 16 17 
cascade_activation_steepnesses_count=4
cascade_activation_steepnesses=2.50000000000000000000e-001 5.00000000000000000000e-001 7.50000000000000000000e-001 1.00000000000000000000e+000 
layer_sizes=9 4 6 
scale_included=0
neurons (num_inputs, activation_function, activation_steepness)=(0, 0, 0.00000000000000000000e+000) (0, 0, 0.00000000000000000000e+000) (0, 0, 0.00000000000000000000e+000) (0, 0, 0.00000000000000000000e+000) (0, 0, 0.00000000000000000000e+000) (0, 0, 0.00000000000000000000e+000) (0, 0, 0.00000000000000000000e+000) (0, 0, 0.00000000000000000000e+000) (0, 0, 0.00000000000000000000e+000) (9, 6, 5.00000000000000000000e-001) (9, 6, 5.00000000000000000000e-001) (9, 6, 5.00000000000000000000e-001) (0, 6, 0.00000000000000000000e+000) (4, 6, 5.00000000000000000000e-001) (4, 6, 5.00000000000000000000e-001) (4, 6, 5.00000000000000000000e-001) (4, 6, 5.00000000000000000000e-001) (4, 6, 5.00000000000000000000e-001) (0, 6, 0.00000000000000000000e+000) 
connections (connected_to_neuron, weight)=(0, -8.50925323050737780000e+000) (1, 7.81898808926493440000e-001) (2, -5.33420340178152410000e+000) (3, 2.13450964271089520000e+001) (4, -3.58695370552055340000e+001) (5, 2.71732224531815480000e+001) (6, -4.11024846663953710000e+000) (7, 1.21810289981786470000e+001) (8, 2.06684029225252890000e+000) (0, 2.81611572439407800000e+000) (1, 2.57636025343096310000e+000) (2, 2.46833528788736080000e+000) (3, -1.73692744267106040000e+001) (4, 8.08255293930736760000e+000) (5, 7.29669283444925430000e-001) (6, 4.67002765117217060000e+000) (7, -1.02175077709333560000e+001) (8, -1.92129506410209260000e-001) (0, 2.60290312851243310000e+000) (1, 1.28964817694372570000e+001) (2, 7.22626188100152420000e+000) (3, -4.37217631248229140000e+001) (4, -8.15877410739228930000e-001) (5, 1.82476897314613030000e+001) (6, 2.32084973805691280000e+001) (7, -2.97482986815444410000e+001) (8, 8.36186791721071020000e-001) (9, -4.31830191897086490000e-001) (10, -1.38747258255211130000e+000) (11, 5.24626815865525950000e-001) (12, 5.58215003608842570000e-001) (9, 6.43225664085824930000e-001) (10, 1.52999652531441030000e+000) (11, -5.01311863828664660000e-001) (12, 7.14299328149818560000e-001) (9, 2.07242731680175730000e-001) (10, 1.78836881646084190000e-001) (11, -5.50268771062982910000e-002) (12, 8.83766103926100780000e-001) (9, 5.91645724282608530000e-001) (10, 1.99554381859476520000e+000) (11, -8.20574727187762590000e-001) (12, 1.09428204113680620000e+000) (9, 4.49581003214706070000e-001) (10, 1.61339541545652550000e+000) (11, -7.94630752531246260000e-001) (12, 1.19988948749335390000e+000) 
