FANN_FLO_2.1
num_layers=3
learning_rate=0.700000
connection_rate=1.000000
network_type=0
learning_momentum=0.000000
training_algorithm=2
train_error_function=1
train_stop_function=0
cascade_output_change_fraction=0.010000
quickprop_decay=-0.000100
quickprop_mu=1.750000
rprop_increase_factor=1.200000
rprop_decrease_factor=0.500000
rprop_delta_min=0.000000
rprop_delta_max=50.000000
rprop_delta_zero=0.100000
cascade_output_stagnation_epochs=12
cascade_candidate_change_fraction=0.010000
cascade_candidate_stagnation_epochs=12
cascade_max_out_epochs=150
cascade_max_cand_epochs=150
cascade_num_candidate_groups=2
bit_fail_limit=3.49999999999999980000e-001
cascade_candidate_limit=1.00000000000000000000e+003
cascade_weight_multiplier=4.00000000000000020000e-001
cascade_activation_functions_count=10
cascade_activation_functions=3 5 7 8 10 11 14 15 16 17 
cascade_activation_steepnesses_count=4
cascade_activation_steepnesses=2.50000000000000000000e-001 5.00000000000000000000e-001 7.50000000000000000000e-001 1.00000000000000000000e+000 
layer_sizes=9 4 6 
scale_included=0
neurons (num_inputs, activation_function, activation_steepness)=(0, 0, 0.00000000000000000000e+000) (0, 0, 0.00000000000000000000e+000) (0, 0, 0.00000000000000000000e+000) (0, 0, 0.00000000000000000000e+000) (0, 0, 0.00000000000000000000e+000) (0, 0, 0.00000000000000000000e+000) (0, 0, 0.00000000000000000000e+000) (0, 0, 0.00000000000000000000e+000) (0, 0, 0.00000000000000000000e+000) (9, 6, 5.00000000000000000000e-001) (9, 6, 5.00000000000000000000e-001) (9, 6, 5.00000000000000000000e-001) (0, 6, 0.00000000000000000000e+000) (4, 6, 5.00000000000000000000e-001) (4, 6, 5.00000000000000000000e-001) (4, 6, 5.00000000000000000000e-001) (4, 6, 5.00000000000000000000e-001) (4, 6, 5.00000000000000000000e-001) (0, 6, 0.00000000000000000000e+000) 
connections (connected_to_neuron, weight)=(0, 4.82744980211954940000e-001) (1, -3.94271328584895610000e-001) (2, 2.92713182350737230000e-001) (3, -1.34769864021818100000e+000) (4, 1.00580817787531180000e+000) (5, -1.54317874690698210000e-001) (6, -4.68980262356811440000e-002) (7, -9.61870010918826510000e-001) (8, 2.35604103303491690000e-001) (0, 6.45131295803326220000e+000) (1, -6.63752391358308640000e+000) (2, 2.58060229274748340000e+000) (3, -7.87059180318065100000e+000) (4, 1.30259598117413890000e+001) (5, -1.12903775105943060000e+001) (6, 1.66111290246145990000e+000) (7, -7.55639188823226070000e+000) (8, 6.35791584558201170000e-001) (0, -5.58406881284081560000e-001) (1, 1.34230292118927010000e+000) (2, -8.96805584047787100000e-001) (3, -4.92156668058875040000e-001) (4, -1.31348456590374370000e+000) (5, 3.42990848659603740000e+000) (6, -2.88727447879412940000e+000) (7, 1.75301780068342410000e+000) (8, 6.58892371501002110000e-001) (9, -2.88606321038310520000e-001) (10, -2.02658254215430850000e-001) (11, -8.77391312175299090000e-001) (12, 9.22075908018918590000e-001) (9, 2.87529130365366740000e+000) (10, -3.74107093880052640000e-001) (11, 1.02587280041378140000e+000) (12, 3.37492253044894890000e-001) (9, -2.01232194637101760000e+000) (10, 1.29993319238204590000e-001) (11, 5.56305117053227490000e-001) (12, 9.96944338697668190000e-001) (9, 1.98097100037546130000e+000) (10, -1.45745743854387380000e-001) (11, -3.76935073231896230000e-001) (12, 9.66433498910631790000e-001) (9, -3.28014906155389600000e+000) (10, 7.24249421356463970000e-001) (11, 1.01767736251417040000e+000) (12, 9.13653581052009440000e-001) 
