FANN_FLO_2.1
num_layers=3
learning_rate=0.700000
connection_rate=1.000000
network_type=0
learning_momentum=0.000000
training_algorithm=2
train_error_function=1
train_stop_function=0
cascade_output_change_fraction=0.010000
quickprop_decay=-0.000100
quickprop_mu=1.750000
rprop_increase_factor=1.200000
rprop_decrease_factor=0.500000
rprop_delta_min=0.000000
rprop_delta_max=50.000000
rprop_delta_zero=0.100000
cascade_output_stagnation_epochs=12
cascade_candidate_change_fraction=0.010000
cascade_candidate_stagnation_epochs=12
cascade_max_out_epochs=150
cascade_max_cand_epochs=150
cascade_num_candidate_groups=2
bit_fail_limit=3.49999999999999980000e-001
cascade_candidate_limit=1.00000000000000000000e+003
cascade_weight_multiplier=4.00000000000000020000e-001
cascade_activation_functions_count=10
cascade_activation_functions=3 5 7 8 10 11 14 15 16 17 
cascade_activation_steepnesses_count=4
cascade_activation_steepnesses=2.50000000000000000000e-001 5.00000000000000000000e-001 7.50000000000000000000e-001 1.00000000000000000000e+000 
layer_sizes=9 4 6 
scale_included=0
neurons (num_inputs, activation_function, activation_steepness)=(0, 0, 0.00000000000000000000e+000) (0, 0, 0.00000000000000000000e+000) (0, 0, 0.00000000000000000000e+000) (0, 0, 0.00000000000000000000e+000) (0, 0, 0.00000000000000000000e+000) (0, 0, 0.00000000000000000000e+000) (0, 0, 0.00000000000000000000e+000) (0, 0, 0.00000000000000000000e+000) (0, 0, 0.00000000000000000000e+000) (9, 6, 5.00000000000000000000e-001) (9, 6, 5.00000000000000000000e-001) (9, 6, 5.00000000000000000000e-001) (0, 6, 0.00000000000000000000e+000) (4, 6, 5.00000000000000000000e-001) (4, 6, 5.00000000000000000000e-001) (4, 6, 5.00000000000000000000e-001) (4, 6, 5.00000000000000000000e-001) (4, 6, 5.00000000000000000000e-001) (0, 6, 0.00000000000000000000e+000) 
connections (connected_to_neuron, weight)=(0, -4.92815584858330970000e+000) (1, 1.34121190441248590000e+000) (2, -2.99181048506666160000e+000) (3, 1.73223582712023070000e+000) (4, -1.48043130569728520000e+001) (5, 2.61200282210888940000e+001) (6, -3.31692905021434830000e+000) (7, 2.18982398336973460000e+000) (8, 1.24558160086829540000e+000) (0, -2.11453151664242030000e+000) (1, -1.12485338923486480000e+001) (2, -6.59744353775228910000e+000) (3, 3.51743228703514030000e+001) (4, 1.35049701945069100000e+001) (5, -2.25292209376503610000e+001) (6, -2.43992021692223420000e+001) (7, 2.79378846558872420000e+001) (8, -9.13506609372050860000e-001) (0, 2.27738399562877090000e+000) (1, 1.05232909008545410000e+000) (2, 1.80655824131674870000e+000) (3, -7.38432138400645770000e+000) (4, 2.76946165709976590000e+000) (5, -3.03044986308290910000e+000) (6, 3.40772297244139070000e+000) (7, -5.19201762164954060000e+000) (8, -5.30414810662220740000e-001) (9, -6.45598814999373330000e-001) (10, -3.74160775676200430000e-001) (11, -1.57326599539018910000e+000) (12, 3.78846693408850350000e-001) (9, 9.19966035580640500000e-001) (10, 4.00049017143277510000e-001) (11, 1.71797765353271090000e+000) (12, 9.37070187080327300000e-001) (9, 1.06043765306843900000e-001) (10, -3.11506190495386280000e-002) (11, -1.89995869629392860000e-001) (12, 8.75412218937888230000e-001) (9, 1.06224572717742970000e+000) (10, 7.16764781078734200000e-001) (11, 2.70666931537517690000e+000) (12, 1.41618659968182950000e+000) (9, 6.68349849595803350000e-001) (10, 6.03488132653538510000e-001) (11, 1.68428748789036600000e+000) (12, 1.37947866863914580000e+000) 
